0 0.408047 0.267208 0.247809 0.0596665
1 0.407924 0.267093 0.247696 0.0596506
2 0.4101 0.267694 0.24831 0.0596543
3 0.410017 0.267636 0.248246 0.0596615
4 0.412109 0.268156 0.248765 0.0597201
5 0.449484 0.271619 0.252407 0.0590904
6 0.449045 0.271249 0.252046 0.0590744
7 0.450372 0.2721 0.252898 0.0591177
8 0.45033 0.271931 0.252728 0.059092
9 0.453147 0.273385 0.254155 0.059222
10 0.453234 0.273445 0.25422 0.0592321
11 0.4564 0.275203 0.255957 0.0593782
12 0.457552 0.275803 0.256477 0.0595643
13 0.458681 0.276308 0.25696 0.0596154
14 0.460792 0.277985 0.258595 0.0597213
15 0.453557 0.272341 0.253097 0.05917
16 0.451824 0.271514 0.252265 0.0590767
17 0.453795 0.274074 0.254842 0.059188
18 0.453478 0.274312 0.255081 0.0591963
19 0.452794 0.27467 0.255417 0.0592225
20 0.452549 0.274905 0.255655 0.059205
21 0.624393 0.427093 0.40925 0.0609752
22 0.62438 0.42709 0.409246 0.0609736
23 0.624479 0.427219 0.409377 0.060987
24 0.624825 0.427357 0.409517 0.060937
25 0.634777 0.440522 0.422793 0.0617004
26 0.63494 0.440802 0.423069 0.0617301
27 0.63509 0.440213 0.422503 0.0615531
28 0.64178 0.447458 0.42984 0.0620513
29 0.641322 0.447083 0.429488 0.0619157
30 0.639842 0.446571 0.428976 0.0618025
31 0.638268 0.446291 0.428689 0.0617218
32 0.64178 0.449418 0.43188 0.0619084
33 0.638898 0.44832 0.430796 0.0616062
34 0.637831 0.448111 0.430585 0.0614872
35 0.635039 0.448149 0.430582 0.0613488
36 0.635002 0.448101 0.43053 0.0613483
37 0.63486 0.448518 0.430911 0.0614573
38 0.632711 0.447961 0.430345 0.0612537
39 0.632456 0.448141 0.430583 0.0609811
40 0.632419 0.448123 0.430563 0.0609857
41 0.637099 0.452832 0.435371 0.0612094
42 0.636262 0.452001 0.434588 0.0607969
43 0.636355 0.4523 0.43488 0.0608283
44 0.636069 0.452284 0.434891 0.0606101
45 0.636139 0.452617 0.435213 0.0604767
46 0.636073 0.452573 0.435167 0.0604764
47 0.636441 0.453144 0.435738 0.0605381
48 0.632405 0.437117 0.41903 0.0609042
49 0.63375 0.437864 0.41981 0.0608133
50 0.633718 0.437951 0.419893 0.0608438
51 0.631513 0.424512 0.406471 0.0606504
52 0.640082 0.433205 0.415203 0.0612737
53 0.640044 0.433189 0.415187 0.0612654
54 0.622244 0.405085 0.386887 0.0615468
55 0.629658 0.41181 0.393673 0.0619354
56 0.630034 0.411988 0.393862 0.0618924
57 0.620218 0.391506 0.373308 0.061987
58 0.623156 0.394271 0.37608 0.0621526
59 0.62346 0.39452 0.376327 0.0621771
60 0.597128 0.361269 0.342861 0.0623719
61 0.601923 0.364826 0.346448 0.0626338
62 0.586055 0.351116 0.332639 0.0624143
63 0.574784 0.343972 0.325374 0.0623622
64 0.574794 0.344004 0.325404 0.062384
65 0.575029 0.343956 0.32537 0.0623618
66 0.56241 0.335996 0.317211 0.0626813
67 0.562302 0.334298 0.315495 0.0627161
68 0.563402 0.333063 0.314244 0.0628398
69 0.563591 0.333143 0.314331 0.0628314
70 0.568277 0.335997 0.317226 0.0629511
71 0.56784 0.335601 0.31683 0.0629357
72 0.566025 0.334422 0.315619 0.0629208
73 0.564144 0.333724 0.314877 0.062962
74 0.561698 0.333227 0.31431 0.0630344
75 0.561769 0.333252 0.314335 0.0630411
76 0.610006 0.327027 0.312298 0.0567911
77 0.61329 0.327129 0.312368 0.056958
78 0.622021 0.327263 0.312493 0.0571364
79 0.621745 0.327221 0.312449 0.0571346
80 0.618849 0.335455 0.320601 0.0574118
81 0.626106 0.333851 0.319011 0.0574601
82 0.62682 0.333708 0.318872 0.057448
83 0.625508 0.336191 0.321333 0.0575345
84 0.631725 0.337107 0.322213 0.0578302
85 0.63207 0.336802 0.321908 0.0578173
86 0.633904 0.336663 0.321693 0.058022
87 0.637482 0.338528 0.323494 0.0583114
88 0.637166 0.338479 0.323442 0.0583101
89 0.637981 0.337795 0.322777 0.0582437
90 0.641656 0.338352 0.323276 0.0585165
91 0.643973 0.338399 0.323333 0.0585383
92 0.646491 0.33858 0.323438 0.0587812
93 0.646554 0.338593 0.323451 0.0587894
94 0.647531 0.337405 0.322285 0.0586675
95 0.650161 0.339137 0.323943 0.058988
96 0.652231 0.339482 0.324245 0.0591434
97 0.594577 0.322287 0.307059 0.0569668
98 0.595982 0.320935 0.305733 0.0568351
99 0.416126 0.251857 0.237929 0.0478424
100 0.358037 0.223223 0.210226 0.0432993
101 0.310742 0.197822 0.185699 0.0389274
102 0.282042 0.182225 0.170981 0.0357117
103 0.284972 0.184374 0.172233 0.0378085
104 0.28436 0.183848 0.171743 0.0377247
105 0.286995 0.185379 0.173325 0.0374641
106 0.286493 0.185279 0.173248 0.0373863
107 0.285593 0.184306 0.172296 0.0373686
108 0.286352 0.184406 0.172411 0.0372749
109 0.285138 0.182823 0.170941 0.0370258
110 0.285288 0.182935 0.171005 0.0371518
111 0.284598 0.182268 0.170372 0.0370778
112 0.28432 0.182763 0.170839 0.0371534
113 0.282204 0.180749 0.168873 0.0370592
114 0.281438 0.180323 0.168466 0.0370255
115 0.280601 0.180023 0.168181 0.0369999
116 0.277875 0.177794 0.165979 0.0369795
117 0.276228 0.176749 0.164978 0.0368848
118 0.275618 0.176376 0.164617 0.0368554
119 0.2744 0.17536 0.163645 0.0368319
120 0.273804 0.174435 0.162763 0.0367746
121 0.272749 0.174068 0.16242 0.0367022
122 0.269906 0.173059 0.161422 0.0366852
123 0.269906 0.173059 0.161422 0.0366851
124 0.268328 0.172122 0.160505 0.0366319
125 0.266234 0.171722 0.160127 0.0365819
126 0.265562 0.171392 0.159811 0.0365604
127 0.262803 0.169459 0.157963 0.0363935
128 0.262802 0.169459 0.157964 0.0363935
129 0.261577 0.16858 0.157109 0.0363438
130 0.259751 0.16797 0.156548 0.0362555
131 0.25746 0.166973 0.155599 0.0361606
132 0.276363 0.180054 0.168122 0.0370396
133 0.276833 0.180832 0.168844 0.0371919
134 0.274327 0.178892 0.167026 0.0369238
135 0.273513 0.178578 0.166712 0.0369204
136 0.272293 0.177859 0.166044 0.0368363
137 0.272292 0.177859 0.166044 0.0368362
138 0.270941 0.177878 0.166082 0.0368574
139 0.270982 0.177997 0.166199 0.0368626
140 0.268062 0.175213 0.163548 0.0366354
141 0.269994 0.177959 0.166277 0.0368064
142 0.269371 0.17771 0.166052 0.036744
143 0.269055 0.177475 0.165817 0.0367665
144 0.267938 0.176571 0.164922 0.0368209
145 0.26762 0.176311 0.16466 0.0368226
146 0.268065 0.176769 0.165085 0.0369087
147 0.26753 0.176519 0.164848 0.0368914
148 0.266402 0.176078 0.164413 0.0368997
149 0.287487 0.186423 0.174281 0.0373063
150 0.287487 0.186423 0.174281 0.0373063
151 0.286187 0.185257 0.173137 0.0372554
152 0.285773 0.18576 0.173623 0.0373206
153 0.285398 0.185469 0.173343 0.0373162
154 0.284974 0.18518 0.173063 0.0373043
155 0.283229 0.184409 0.172316 0.0372657
156 0.28323 0.184409 0.172317 0.0372658
157 0.282429 0.183666 0.171586 0.037234
158 0.282013 0.183621 0.171521 0.0373121
159 0.288172 0.189234 0.177 0.0376422
160 0.286847 0.188294 0.176072 0.0376298
161 0.286798 0.18829 0.176073 0.0376116
162 0.286735 0.188369 0.176146 0.037634
163 0.28628 0.187819 0.17561 0.037619
164 0.284451 0.186719 0.174534 0.0376008
165 0.28401 0.186617 0.174403 0.0376695
166 0.283428 0.186347 0.174135 0.0376852
167 0.298432 0.193004 0.180797 0.0374047
168 0.298432 0.193004 0.180797 0.0374047
169 0.297875 0.192408 0.180227 0.0373381
170 0.29701 0.192018 0.179851 0.0373519
171 0.309385 0.201236 0.188848 0.0379412
172 0.308832 0.200823 0.188426 0.0379851
173 0.307696 0.200034 0.187659 0.0379388
174 0.307696 0.200034 0.187659 0.0379388
175 0.306893 0.199165 0.18682 0.0378389
176 0.305821 0.198436 0.18611 0.037825
177 0.304645 0.197682 0.185361 0.0378376
178 0.302673 0.196314 0.184034 0.0377428
179 0.302756 0.196355 0.184072 0.0377496
180 0.302004 0.196252 0.183965 0.0377879
181 0.300124 0.194639 0.182354 0.0378044
182 0.298766 0.193708 0.181456 0.0377404
183 0.281171 0.177753 0.165867 0.0368547
184 0.279517 0.176334 0.1645 0.0367746
185 0.279762 0.176645 0.16479 0.036823
186 0.279037 0.176263 0.164429 0.036798
187 0.304105 0.197963 0.185717 0.0375311
188 0.302616 0.197396 0.185142 0.0375413
189 0.302131 0.196866 0.184631 0.037521
190 0.304088 0.198472 0.186196 0.0376325
191 0.30409 0.198472 0.186196 0.0376326
192 0.304167 0.198599 0.186317 0.0376449
193 0.307829 0.202062 0.189743 0.037779
194 0.308377 0.20154 0.189213 0.0378178
195 0.308377 0.20154 0.189213 0.0378178
196 0.313249 0.205067 0.192665 0.0380286
197 0.312967 0.204835 0.192444 0.0380009
198 0.312742 0.205128 0.192711 0.0380403
199 0.317396 0.209288 0.196769 0.0383281
200 0.317431 0.209052 0.196557 0.0382596
201 0.317476 0.209023 0.196527 0.0382661
202 0.317903 0.209795 0.197263 0.0383366
203 0.317446 0.209586 0.197058 0.0383271
204 0.317331 0.209803 0.197272 0.038329
205 0.317395 0.210031 0.197504 0.0383256
206 0.317196 0.209989 0.197451 0.0383547
207 0.317015 0.209815 0.197282 0.0383348
208 0.32176 0.213513 0.200915 0.0385294
209 0.320665 0.21326 0.200673 0.0384886
210 0.320665 0.21326 0.200673 0.0384886
211 0.319701 0.212985 0.200416 0.0384558
212 0.319322 0.212735 0.20017 0.0384323
213 0.317709 0.212471 0.199954 0.0382887
214 0.31684 0.212162 0.19967 0.0382243
215 0.323446 0.215597 0.203191 0.0373612
216 0.322954 0.214882 0.202498 0.0373146
217 0.322954 0.214882 0.202498 0.0373145
218 0.322415 0.214415 0.202043 0.0372826
219 0.321772 0.213834 0.201488 0.0371935
220 0.3215 0.213594 0.201254 0.0371789
221 0.320834 0.21309 0.200777 0.0371017
222 0.320415 0.212007 0.199731 0.0369943
223 0.320415 0.212007 0.199731 0.0369944
224 0.323582 0.214577 0.202244 0.0370796
225 0.324489 0.214333 0.202018 0.0370406
226 0.32417 0.21378 0.201493 0.0369623
227 0.322683 0.212464 0.200233 0.0367868
228 0.322683 0.212464 0.200233 0.0367869
229 0.320668 0.211001 0.19884 0.0365732
230 0.320869 0.211242 0.199077 0.0365809
231 0.343406 0.22317 0.211122 0.0365272
232 0.343094 0.222906 0.210887 0.0364446
233 0.341994 0.2218 0.209854 0.0362626
234 0.341994 0.2218 0.209854 0.0362626
235 0.340542 0.220527 0.208647 0.03609
236 0.340503 0.220451 0.208576 0.0360768
237 0.337759 0.21981 0.20803 0.0357741
238 0.337338 0.219355 0.207623 0.0356225
239 0.33709 0.219199 0.207485 0.0355605
240 0.339298 0.224234 0.212482 0.0355861
241 0.33815 0.223132 0.21145 0.0354023
242 0.337935 0.222955 0.211274 0.0354013
243 0.335676 0.222378 0.210811 0.0350231
244 0.334661 0.221553 0.210073 0.0347474
245 0.334661 0.221553 0.210073 0.0347474
246 0.333246 0.220365 0.208996 0.0344218
247 0.33094 0.21826 0.207048 0.0339699
248 0.325514 0.211186 0.198666 0.0371653
249 0.325584 0.210853 0.198345 0.0371485
250 0.325281 0.210293 0.197812 0.0370934
251 0.322678 0.208551 0.196126 0.0369457
252 0.323008 0.209503 0.197047 0.0369926
253 0.319394 0.206919 0.194577 0.0367517
254 0.317946 0.206332 0.194021 0.0366791
255 0.31553 0.205105 0.19288 0.0364801
256 0.31553 0.205105 0.19288 0.0364801
257 0.316187 0.206331 0.194065 0.0365442
258 0.314289 0.204377 0.192223 0.036278
259 0.31446 0.203787 0.19168 0.0361775
260 0.313958 0.2026 0.190555 0.0360716
261 0.313957 0.2026 0.190555 0.0360716
262 0.314945 0.204298 0.192206 0.0361489
263 0.315292 0.199888 0.188078 0.0356718
264 0.315593 0.198608 0.18687 0.0355656
265 0.314818 0.196676 0.185024 0.0354605
266 0.314817 0.196676 0.185024 0.0354605
267 0.318519 0.201372 0.189104 0.0371065
268 0.319111 0.202508 0.190201 0.0372005
269 0.317857 0.198841 0.186675 0.0369996
270 0.317458 0.199955 0.18775 0.0371075
271 0.316434 0.197558 0.185425 0.0370446
272 0.316436 0.197558 0.185425 0.0370445
273 0.31736 0.199495 0.187285 0.037216
274 0.317811 0.198394 0.186281 0.0371241
275 0.317646 0.198269 0.186158 0.0371155
276 0.314588 0.195602 0.183594 0.0369971
277 0.314259 0.19484 0.182896 0.0369247
278 0.312926 0.192442 0.180625 0.0367937
279 0.312926 0.192442 0.180625 0.0367936
280 0.313394 0.193831 0.181978 0.0368646
281 0.309451 0.189008 0.177324 0.0366521
282 0.306753 0.186361 0.174763 0.036567
283 0.302109 0.183724 0.172219 0.0364524
284 0.295534 0.18025 0.168863 0.0363079
285 0.296731 0.182138 0.170694 0.036434
286 0.293495 0.179137 0.167781 0.0364014
287 0.285468 0.175046 0.163796 0.0363741
288 0.283225 0.174669 0.163427 0.0363828
289 0.283177 0.173958 0.162756 0.0363405
290 0.286101 0.172665 0.161481 0.0363657
291 0.286101 0.172665 0.161481 0.0363658
292 0.28857 0.171874 0.160454 0.0372188
293 0.291276 0.17083 0.159425 0.0373016
294 0.291275 0.17083 0.159425 0.0373015
295 0.300181 0.175928 0.164393 0.0375572
296 0.312956 0.188901 0.177036 0.0374294
297 0.308794 0.193701 0.181704 0.0373538
298 0.308645 0.193399 0.181408 0.0373414
299 0.305591 0.192113 0.180142 0.0372292
300 0.292235 0.183627 0.171871 0.0371802
301 0.269073 0.172614 0.161087 0.0369252
302 0.251217 0.159099 0.147871 0.0368992
303 0.251219 0.159099 0.147871 0.0368993
304 0.249349 0.157613 0.146426 0.0368362
305 0.235798 0.154999 0.143729 0.037385
306 0.235799 0.154999 0.143729 0.0373851
307 0.213353 0.136531 0.125991 0.035596
308 0.213712 0.135904 0.125383 0.0356424
309 0.211693 0.134184 0.123784 0.0353927
310 0.211666 0.134123 0.123727 0.0353781
311 0.224815 0.144525 0.13342 0.0371019
312 0.223372 0.143301 0.132244 0.0369737
313 0.225241 0.144458 0.133328 0.037226
314 0.224798 0.143747 0.132653 0.0371717
315 0.22485 0.143576 0.132497 0.0370828
316 0.22232 0.141694 0.130673 0.0369618
317 0.224522 0.143266 0.13217 0.0371675
318 0.224033 0.142877 0.131805 0.0371077
319 0.223539 0.14253 0.131484 0.0370494
320 0.223007 0.142218 0.131153 0.0371129
321 0.223008 0.142218 0.131153 0.0371128
322 0.222955 0.142138 0.131061 0.0371641
323 0.221979 0.141369 0.130317 0.0371081
324 0.222059 0.141448 0.130384 0.0371596
325 0.220737 0.140473 0.129443 0.037079
326 0.220123 0.140002 0.128994 0.0370217
327 0.219552 0.139313 0.128332 0.0369949
328 0.219337 0.139231 0.128251 0.0369963
329 0.218721 0.138824 0.127864 0.0369616
330 0.218722 0.138823 0.127864 0.0369615
331 0.218492 0.138717 0.127755 0.0369752
332 0.217671 0.138251 0.127304 0.0369485
333 0.217535 0.138164 0.127218 0.0369524
334 0.217358 0.138041 0.127105 0.0369261
335 0.231889 0.148537 0.137484 0.037188
336 0.231888 0.148537 0.137484 0.037188
337 0.231706 0.148436 0.13739 0.0371728
338 0.230941 0.148149 0.137113 0.0371686
339 0.238706 0.153309 0.142118 0.0376064
340 0.238055 0.153031 0.141866 0.0375577
341 0.238054 0.153031 0.141866 0.0375576
342 0.238547 0.153328 0.142152 0.0375947
343 0.237856 0.152757 0.141624 0.0374999
344 0.237757 0.152704 0.141578 0.0374786
345 0.236998 0.152279 0.141196 0.0373896
346 0.236997 0.152279 0.141196 0.0373897
347 0.237662 0.152789 0.141699 0.0374241
348 0.233685 0.150624 0.139622 0.0372794
349 0.233685 0.150624 0.139622 0.0372795
350 0.235167 0.151626 0.140585 0.0374091
351 0.214266 0.136392 0.125825 0.0361293
352 0.214482 0.136672 0.126127 0.0361177
353 0.215977 0.136894 0.126289 0.036242
354 0.213354 0.136074 0.125473 0.0363661
355 0.22328 0.144725 0.13429 0.0352863
356 0.223245 0.144695 0.134263 0.035282
357 0.221446 0.143136 0.132713 0.0352632
358 0.222266 0.143618 0.133172 0.0353278
359 0.22266 0.143638 0.13319 0.0353434
360 0.223147 0.143703 0.133229 0.0354172
361 0.22662 0.145689 0.135165 0.035553
362 0.228372 0.146647 0.136083 0.0356426
363 0.22904 0.147077 0.136494 0.0356924
364 0.229272 0.147029 0.13645 0.03568
365 0.2299 0.147302 0.1367 0.0357255
366 0.230344 0.147701 0.137068 0.0357767
367 0.231353 0.148377 0.137707 0.035838
368 0.231353 0.148377 0.137707 0.0358382
369 0.232249 0.149157 0.13845 0.0359276
370 0.231382 0.148701 0.137996 0.035922
371 0.231406 0.148695 0.138001 0.0358915
372 0.231076 0.14872 0.138025 0.0358853
373 0.231808 0.149344 0.13862 0.0359601
374 0.231676 0.149281 0.13857 0.0359243
375 0.232197 0.149532 0.138809 0.0359558
376 0.232833 0.149972 0.139241 0.0359727
377 0.232005 0.149287 0.138585 0.0358953
378 0.233529 0.149839 0.139102 0.0359957
379 0.233423 0.149665 0.13893 0.0360043
380 0.23319 0.149526 0.138798 0.0359851
381 0.212664 0.135624 0.125414 0.0348044
382 0.212724 0.135649 0.12544 0.0347981
383 0.212818 0.135662 0.125441 0.0348198
384 0.212785 0.135655 0.125436 0.0348089
385 0.21293 0.135693 0.125476 0.0348005
386 0.21293 0.135693 0.125476 0.0348007
387 0.212792 0.135532 0.125313 0.0348014
388 0.212666 0.135535 0.125313 0.0348141
389 0.212878 0.135737 0.125519 0.0347915
390 0.212872 0.135665 0.125455 0.0347735
391 0.220197 0.141432 0.131019 0.035281
392 0.219956 0.141298 0.130889 0.0352712
393 0.219957 0.141298 0.130889 0.0352714
394 0.220295 0.141505 0.131099 0.0352655
395 0.219063 0.140799 0.130393 0.0352811
396 0.218585 0.140333 0.129946 0.0352506
397 0.218584 0.140334 0.129946 0.0352506
398 0.219279 0.140785 0.130388 0.0352915
399 0.236023 0.149978 0.138893 0.03696
400 0.235725 0.149697 0.138633 0.0369127
401 0.235352 0.149453 0.138405 0.0368827
402 0.235552 0.149655 0.138611 0.0368867
403 0.235382 0.149612 0.138569 0.0368823
404 0.23382 0.148651 0.137649 0.0367812
405 0.234265 0.149055 0.138044 0.0368055
406 0.232859 0.147885 0.136942 0.0366567
407 0.232335 0.147451 0.136538 0.0365939
408 0.232337 0.147451 0.136538 0.0365939
409 0.25812 0.16111 0.149785 0.0375861
410 0.255762 0.159571 0.148318 0.0373984
411 0.255362 0.159244 0.148012 0.0373471
412 0.255023 0.158893 0.147686 0.0372931
413 0.255025 0.158893 0.147686 0.0372931
414 0.255379 0.159494 0.148293 0.0372703
415 0.254728 0.159118 0.147925 0.0372363
416 0.253569 0.158548 0.147397 0.0371046
417 0.270158 0.169717 0.157705 0.0387536
418 0.271149 0.170388 0.15836 0.0387798
419 0.271073 0.170332 0.158304 0.0387797
420 0.270637 0.169999 0.157989 0.0387244
421 0.272291 0.171058 0.159027 0.0387355
422 0.272185 0.170976 0.158957 0.0387009
423 0.272642 0.171322 0.159292 0.0387328
424 0.271177 0.170161 0.158174 0.0386038
425 0.271327 0.170303 0.158318 0.0385843
426 0.271471 0.17039 0.158402 0.0385812
427 0.298053 0.185298 0.17287 0.0395919
428 0.297975 0.185338 0.172913 0.0395787
429 0.297425 0.185322 0.172897 0.0395703
430 0.297425 0.185322 0.172897 0.0395703
431 0.297686 0.185685 0.173248 0.0395979
432 0.297683 0.185047 0.172621 0.0395991
433 0.298353 0.18553 0.173091 0.0396333
434 0.297254 0.184758 0.17233 0.0396342
435 0.280528 0.181272 0.168441 0.0404076
436 0.280538 0.181074 0.168237 0.0404403
437 0.281025 0.181271 0.168428 0.0404764
438 0.28122 0.181464 0.168616 0.0404875
439 0.282409 0.181583 0.16871 0.040594
440 0.282148 0.181153 0.168277 0.0406172
441 0.282104 0.181097 0.168213 0.040653
442 0.282555 0.181129 0.168247 0.0406455
443 0.28259 0.181129 0.168236 0.0406785
444 0.282754 0.181183 0.168281 0.0406971
445 0.296635 0.191266 0.178027 0.0416041
446 0.297035 0.191372 0.178114 0.0416559
447 0.297035 0.191372 0.178114 0.0416559
448 0.297147 0.191509 0.178246 0.0416713
449 0.297475 0.191577 0.178305 0.0416962
450 0.297718 0.191587 0.178314 0.0417125
451 0.297919 0.191591 0.178322 0.0417064
452 0.32954 0.227517 0.214048 0.0392908
453 0.329541 0.227518 0.214048 0.0392909
454 0.329276 0.227472 0.213969 0.039383
455 0.329119 0.227162 0.213674 0.0393441
456 0.329654 0.227725 0.214187 0.0394871
457 0.329654 0.227725 0.214187 0.039487
458 0.329126 0.227024 0.213511 0.0394224
459 0.32967 0.227807 0.21426 0.0395155
460 0.329668 0.227807 0.21426 0.0395154
461 0.330189 0.22775 0.214184 0.0395822
462 0.33261 0.233597 0.21984 0.0400577
463 0.332611 0.233597 0.21984 0.0400575
464 0.331416 0.232071 0.218364 0.0399305
465 0.332609 0.233831 0.220047 0.040133
466 0.332325 0.233953 0.220164 0.0401394
467 0.332252 0.233973 0.220189 0.0401273
468 0.33297 0.233919 0.220125 0.0401872
469 0.33297 0.233919 0.220125 0.0401872
470 0.327212 0.215926 0.202397 0.0400759
471 0.325161 0.213714 0.200232 0.0399807
472 0.326789 0.215611 0.202087 0.0400691
473 0.329115 0.217538 0.20395 0.0402397
474 0.329184 0.217453 0.203881 0.0402069
475 0.326154 0.215352 0.20182 0.040116
476 0.327548 0.217104 0.203514 0.0402701
477 0.324607 0.214166 0.200655 0.0400856
478 0.326907 0.216812 0.203214 0.0403076
479 0.325836 0.216572 0.202984 0.0402949
480 0.325278 0.215951 0.202384 0.0402939
481 0.325277 0.215951 0.202384 0.0402939
482 0.322555 0.213589 0.200077 0.0401672
483 0.323532 0.215594 0.202031 0.0402914
484 0.323073 0.215109 0.201546 0.0403331
485 0.316431 0.207374 0.194047 0.0398674
486 0.316119 0.207333 0.193973 0.0399475
487 0.316089 0.207403 0.193986 0.0401117
488 0.316089 0.207403 0.193986 0.0401118
489 0.358308 0.230813 0.216764 0.0418062
490 0.358762 0.231285 0.217169 0.0419833
491 0.3528 0.229426 0.215177 0.0424172
492 0.352593 0.23011 0.215822 0.0425213
493 0.35183 0.229629 0.215346 0.042522
494 0.35141 0.229585 0.215232 0.0427175
495 0.352637 0.230578 0.216214 0.0427707
496 0.350502 0.229906 0.215513 0.0428493
497 0.349054 0.229152 0.214758 0.0428706
498 0.350124 0.23023 0.21581 0.0429548
499 0.350262 0.230188 0.215765 0.0429579
500 0.348983 0.230081 0.215626 0.0430471
501 0.348982 0.230081 0.215626 0.043047
502 0.348044 0.229445 0.215001 0.0430198
503 0.346916 0.22867 0.214241 0.0429873
504 0.346766 0.228348 0.213924 0.042984
505 0.344574 0.22716 0.212761 0.0429392
506 0.344575 0.22716 0.212761 0.0429392
507 0.342544 0.227451 0.21305 0.042979
508 0.341836 0.226948 0.212574 0.0429253
509 0.340683 0.226127 0.211784 0.042861
510 0.339067 0.22536 0.211052 0.0427695
511 0.338315 0.224947 0.210655 0.0427306
512 0.337123 0.223655 0.209398 0.042702
513 0.337278 0.223659 0.209396 0.0427193
514 0.33554 0.221969 0.207754 0.0426439
515 0.336192 0.208619 0.194864 0.0416967
516 0.331516 0.206004 0.192395 0.0414133
517 0.331932 0.205922 0.192291 0.0414547
518 0.333027 0.207455 0.19382 0.0414969
519 0.333227 0.207908 0.194271 0.0415413
520 0.302017 0.190436 0.177958 0.0385885
521 0.272166 0.174105 0.16248 0.0365522
522 0.274533 0.174633 0.162984 0.0365232
523 0.268123 0.172108 0.160483 0.0365893
524 0.265102 0.170613 0.15904 0.0365287
525 0.265715 0.170396 0.158878 0.0364626
526 0.265715 0.170396 0.158878 0.0364626
527 0.266642 0.171457 0.159922 0.036522
528 0.267105 0.170228 0.158777 0.0362595
529 0.265773 0.169387 0.157981 0.0362091
530 0.263428 0.167925 0.156602 0.0360549
531 0.259025 0.165178 0.153949 0.0359804
532 0.2571 0.162358 0.151201 0.0358199
533 0.257639 0.163334 0.152171 0.0358319
534 0.259467 0.165036 0.153836 0.0359434
535 0.271131 0.172113 0.160947 0.0356954
536 0.268501 0.171083 0.159928 0.0356733
537 0.269555 0.171568 0.160402 0.0357667
538 0.27237 0.173525 0.162293 0.0359469
539 0.271346 0.1719 0.160696 0.0359088
540 0.271788 0.17143 0.160243 0.0358622
541 0.271953 0.171766 0.160576 0.0358845
542 0.275014 0.174352 0.163088 0.0360929
543 0.274721 0.174092 0.162827 0.0360502
544 0.27447 0.173895 0.162633 0.0360428
545 0.279432 0.177463 0.166113 0.0362724
546 0.279602 0.176573 0.165276 0.0362033
547 0.279601 0.176573 0.165276 0.0362032
548 0.27977 0.17596 0.164698 0.0361768
549 0.27983 0.176024 0.164769 0.0361607
550 0.279581 0.17543 0.164181 0.0361909
551 0.279666 0.174729 0.163502 0.0361949
552 0.279677 0.174133 0.162919 0.0362082
553 0.282213 0.17446 0.163236 0.0362887
554 0.281968 0.174234 0.163018 0.0362729
555 0.281276 0.172976 0.161774 0.0363418
556 0.281037 0.172453 0.161258 0.0363553
557 0.281122 0.171741 0.160576 0.0363152
558 0.280462 0.171079 0.159929 0.0363096
559 0.326102 0.199773 0.187561 0.0378706
560 0.326103 0.199773 0.187561 0.0378706
561 0.325179 0.199191 0.187001 0.0378325
562 0.324827 0.198506 0.186313 0.0378519
563 0.344579 0.212639 0.200124 0.0386408
564 0.344403 0.212039 0.199551 0.0385653
565 0.344403 0.212039 0.199551 0.0385653
566 0.355173 0.220413 0.207766 0.0389521
567 0.354672 0.219895 0.207268 0.0389074
568 0.354038 0.219266 0.206638 0.038921
569 0.359893 0.223638 0.210934 0.0391181
570 0.358234 0.222148 0.209487 0.0390258
571 0.358486 0.222427 0.209757 0.0390438
572 0.364379 0.227034 0.214281 0.0392446
573 0.363708 0.226551 0.213809 0.0392185
574 0.362064 0.225086 0.21236 0.0391996
575 0.360929 0.224249 0.211533 0.0391971
576 0.359951 0.223492 0.210784 0.0391753
577 0.360204 0.223643 0.210929 0.039194
578 0.35814 0.222278 0.209594 0.0391316
579 0.35771 0.221913 0.209232 0.0391244
580 0.35675 0.221226 0.208552 0.0391135
581 0.356218 0.22083 0.208147 0.0391538
582 0.356218 0.220831 0.208147 0.0391538
583 0.352954 0.219219 0.20656 0.0391044
584 0.29907 0.184561 0.172665 0.0373886
585 0.296586 0.182718 0.170852 0.0373741
586 0.295429 0.182192 0.170341 0.0373461
587 0.295205 0.18216 0.170315 0.0373291
588 0.293421 0.181816 0.169986 0.037259
589 0.357029 0.23182 0.219158 0.0388998
590 0.357842 0.232641 0.219987 0.0389136
591 0.357711 0.232489 0.219838 0.0389033
592 0.360882 0.235296 0.222654 0.038918
593 0.367427 0.240497 0.227783 0.0391303
594 0.368543 0.24154 0.228801 0.039166
595 0.369993 0.242443 0.229677 0.0392128
596 0.375185 0.245265 0.232433 0.0393132
597 0.375185 0.245265 0.232433 0.0393132
598 0.375051 0.245275 0.23244 0.0393173
599 0.375378 0.247169 0.234349 0.0390821
600 0.374872 0.247215 0.234403 0.0390138
601 0.372633 0.246861 0.234104 0.0387079
602 0.372632 0.246861 0.234104 0.0387077
603 0.371008 0.244824 0.232209 0.0383519
604 0.369537 0.241141 0.228704 0.0379928
605 0.368475 0.241682 0.229446 0.0374909
606 0.368475 0.241682 0.229446 0.0374909
607 0.368298 0.241379 0.229148 0.0374737
608 0.358795 0.236475 0.224401 0.0372171
609 0.349068 0.22241 0.210961 0.0357024
610 0.345067 0.22119 0.209798 0.0355504
611 0.339466 0.219582 0.208297 0.0351881
612 0.334243 0.218854 0.207646 0.0349269
613 0.334243 0.218854 0.207646 0.0349269
614 0.334009 0.218391 0.207197 0.034889
615 0.324071 0.215328 0.204306 0.0341576
616 0.329476 0.21546 0.204495 0.0339047
617 0.327814 0.214632 0.203689 0.0338006
618 0.330121 0.216116 0.205139 0.033897
619 0.329911 0.215824 0.204857 0.0338684
620 0.320893 0.209556 0.198716 0.0333778
621 0.321294 0.210156 0.199301 0.0334118
622 0.318346 0.209191 0.198343 0.033301
623 0.31855 0.210445 0.199582 0.0332119
624 0.321176 0.210228 0.199403 0.0331585
625 0.3243 0.210269 0.199469 0.0331701
626 0.327091 0.212514 0.201709 0.0331018
627 0.327091 0.212514 0.201708 0.0331017
628 0.329413 0.21696 0.20608 0.0331633
629 0.329337 0.216964 0.206085 0.0331594
630 0.348974 0.226093 0.214941 0.033849
631 0.348131 0.225085 0.213964 0.033768
632 0.339569 0.221395 0.210261 0.034018
633 0.335033 0.218153 0.207026 0.0342888
634 0.335033 0.218153 0.207026 0.0342888
635 0.304498 0.192597 0.182169 0.0322877
636 0.323482 0.2034 0.192651 0.0330221
637 0.328747 0.205707 0.194892 0.0331781
638 0.330075 0.205333 0.194469 0.0334256
639 0.317596 0.208215 0.196071 0.0363505
640 0.315911 0.204801 0.1927 0.0365244
641 0.315174 0.204006 0.191928 0.0364772
642 0.318215 0.207153 0.195025 0.0365857
643 0.322735 0.209434 0.197264 0.0367106
644 0.323775 0.209109 0.196928 0.0368369
645 0.325596 0.210562 0.198309 0.0370417
646 0.325375 0.21013 0.197884 0.03703
647 0.324912 0.209983 0.197719 0.0370541
648 0.327836 0.213514 0.201145 0.0372819
649 0.33205 0.215482 0.203055 0.0373388
650 0.332051 0.215482 0.203055 0.0373389
651 0.331915 0.215201 0.202801 0.0372688
652 0.329053 0.214594 0.202219 0.0371214
653 0.324931 0.213594 0.20125 0.0370655
654 0.321467 0.212179 0.199853 0.0370473
655 0.321389 0.212065 0.199743 0.0370405
656 0.32076 0.211745 0.1994 0.0371017
657 0.319129 0.210625 0.198313 0.0369977
658 0.316246 0.208314 0.196066 0.0368544
659 0.316246 0.208314 0.196066 0.0368544
660 0.308143 0.201239 0.189287 0.0363068
661 0.308144 0.201239 0.189287 0.0363068
662 0.304381 0.198732 0.186954 0.036098
663 0.304502 0.196505 0.184908 0.0357514
664 0.304502 0.196505 0.184908 0.0357514
665 0.303706 0.193888 0.18254 0.0351627
666 0.317721 0.20278 0.190917 0.0358321
667 0.321932 0.209818 0.197692 0.0364129
668 0.320946 0.208551 0.196467 0.0363142
669 0.315334 0.207264 0.195195 0.0361649
670 0.315334 0.207264 0.195195 0.0361649
671 0.317746 0.210426 0.19824 0.0364537
672 0.308029 0.20292 0.190974 0.0358066
673 0.306872 0.202024 0.190111 0.0357196
674 0.307001 0.201368 0.18947 0.0356976
675 0.307036 0.200122 0.188249 0.0357106
676 0.305681 0.197629 0.185904 0.035479
677 0.30703 0.198671 0.186923 0.0355594
678 0.308978 0.200917 0.189112 0.0356968
679 0.302951 0.194159 0.182656 0.0350277
680 0.302953 0.194159 0.182655 0.0350278
681 0.302533 0.193406 0.181976 0.0349929
682 0.301206 0.191951 0.180571 0.0348671
683 0.294458 0.186988 0.175765 0.0346061
684 0.303428 0.194177 0.182765 0.0350782
685 0.300419 0.193403 0.182052 0.0348808
686 0.300622 0.19462 0.183195 0.0350228
687 0.300621 0.19462 0.183195 0.0350229
688 0.269295 0.177551 0.166913 0.0333864
689 0.272089 0.179664 0.168983 0.0334887
690 0.270727 0.179191 0.168477 0.0334336
691 0.270727 0.179191 0.168477 0.0334337
692 0.271635 0.180104 0.169372 0.0334893
693 0.270485 0.178982 0.168233 0.0335247
694 0.272386 0.179838 0.169056 0.0336129
695 0.271805 0.179173 0.168421 0.0335306
696 0.27625 0.182932 0.172046 0.0338721
697 0.276903 0.18331 0.1724 0.0339523
698 0.276433 0.182873 0.17198 0.0339042
699 0.274761 0.18191 0.171036 0.0339595
700 0.275278 0.182279 0.171393 0.0339897
701 0.276199 0.18266 0.171793 0.0339435
702 0.274196 0.182307 0.171479 0.0339436
703 0.271971 0.181532 0.170717 0.0339493
704 0.271205 0.174397 0.164398 0.0313591
705 0.269203 0.173246 0.163306 0.0312376
706 0.269659 0.173667 0.163718 0.0312683
707 0.264925 0.171674 0.16188 0.0308433
708 0.264926 0.171674 0.161881 0.0308434
709 0.263588 0.172062 0.162334 0.0307457
710 0.260372 0.169612 0.159993 0.0305243
711 0.262188 0.171194 0.161546 0.0306035
712 0.257697 0.167598 0.158032 0.0304126
713 0.27257 0.180373 0.170522 0.0310857
714 0.267076 0.176521 0.166717 0.030955
715 0.267568 0.177643 0.167803 0.0310236
716 0.267632 0.177694 0.167853 0.0310261
717 0.266596 0.176842 0.167003 0.0310373
718 0.266654 0.177079 0.167221 0.0310797
719 0.266974 0.176913 0.167053 0.0310878
720 0.269422 0.177032 0.166946 0.0314524
721 0.269315 0.176856 0.166774 0.031479
722 0.269316 0.176856 0.166774 0.0314793
723 0.273179 0.181001 0.170812 0.0317738
724 0.275224 0.182981 0.172739 0.0318648
725 0.274089 0.182045 0.171797 0.0318702
726 0.274458 0.182223 0.171957 0.0319234
727 0.274608 0.182177 0.171882 0.032016
728 0.274019 0.182173 0.17186 0.0320503
729 0.274581 0.182847 0.17246 0.0322032
730 0.274579 0.182847 0.17246 0.0322031
731 0.275101 0.183108 0.17267 0.0323184
732 0.276219 0.184411 0.173937 0.0323767
733 0.276113 0.184417 0.173902 0.0324215
734 0.278162 0.185439 0.174855 0.03255
735 0.272841 0.179169 0.16876 0.0321409
736 0.272689 0.178838 0.168435 0.0321309
737 0.277786 0.181836 0.171324 0.03234
738 0.277785 0.181836 0.171324 0.03234
739 0.30397 0.200654 0.189619 0.0335884
740 0.303163 0.19964 0.188633 0.0335094
741 0.308111 0.203348 0.192318 0.0335188
742 0.309941 0.204203 0.193183 0.0334999
743 0.310932 0.207615 0.196514 0.0337114
744 0.313782 0.208512 0.197472 0.033537
745 0.313781 0.208512 0.197472 0.0335371
746 0.31534 0.21054 0.199444 0.0336926
747 0.314321 0.209497 0.198442 0.0335918
748 0.318651 0.210426 0.199436 0.0334592
749 0.319287 0.210451 0.199471 0.0334214
750 0.319215 0.210341 0.199371 0.0333999
751 0.31848 0.209606 0.198665 0.0333285
752 0.31901 0.209558 0.198603 0.0333908
753 0.319819 0.209331 0.19833 0.0335037
754 0.31982 0.209331 0.19833 0.0335038
755 0.319865 0.210346 0.199297 0.0335573
756 0.321491 0.212032 0.200951 0.0336659
757 0.320521 0.211107 0.200056 0.0335917
758 0.322639 0.214123 0.203046 0.0335331
759 0.32264 0.214123 0.203046 0.0335331
760 0.321583 0.21326 0.202219 0.0334527
761 0.322201 0.214152 0.203068 0.033552
762 0.321517 0.213575 0.2025 0.0335929
763 0.321518 0.213575 0.2025 0.0335929
764 0.28191 0.184932 0.174128 0.0337438
765 0.281864 0.184882 0.174081 0.033732
766 0.280213 0.183117 0.1724 0.0335163
767 0.294916 0.196658 0.185643 0.0343893
768 0.29583 0.196558 0.185578 0.0343106
769 0.298056 0.197507 0.186525 0.0342773
770 0.298414 0.197732 0.186756 0.0342808
771 0.300233 0.200198 0.189199 0.0342504
772 0.299716 0.199849 0.188856 0.0342211
773 0.3027 0.201508 0.190479 0.0342287
774 0.304263 0.202479 0.191442 0.0342017
775 0.308063 0.204222 0.193134 0.034284
776 0.308063 0.204222 0.193134 0.0342841
777 0.311444 0.205652 0.194513 0.0343826
778 0.311746 0.205882 0.194736 0.0344072
779 0.294972 0.185091 0.174443 0.0331756
780 0.283778 0.177456 0.166882 0.0334168
781 0.258757 0.164994 0.154819 0.0329509
782 0.231516 0.150216 0.140409 0.0324416
783 0.265618 0.177491 0.166723 0.0343171
784 0.265619 0.177491 0.166723 0.0343171
785 0.267613 0.178248 0.16743 0.0344568
786 0.274117 0.183051 0.172102 0.0347289
787 0.282402 0.187508 0.176397 0.0350169
788 0.281522 0.187001 0.175905 0.0349882
789 0.287609 0.191035 0.179822 0.0352421
790 0.308993 0.202144 0.190763 0.035309
791 0.308366 0.201702 0.190314 0.0353463
792 0.336495 0.217758 0.206034 0.0358802
793 0.339045 0.219334 0.207588 0.0359057
794 0.341091 0.221245 0.209462 0.0359552
795 0.341091 0.221245 0.209462 0.0359552
796 0.342076 0.222041 0.210253 0.0359385
797 0.340129 0.222261 0.210414 0.0360348
798 0.340388 0.222445 0.210597 0.0360305
799 0.339369 0.222944 0.211015 0.0361665
800 0.347356 0.229099 0.216997 0.0365462
801 0.346414 0.22917 0.217061 0.0365306
802 0.346026 0.228894 0.216792 0.0365142
803 0.342194 0.228295 0.216107 0.0367027
804 0.340834 0.227619 0.215418 0.036731
805 0.338891 0.227049 0.214865 0.0366743
806 0.335783 0.225757 0.213574 0.0366822
807 0.335782 0.225757 0.213575 0.0366822
808 0.301957 0.20417 0.192397 0.0352422
809 0.300567 0.203579 0.191811 0.0352247
810 0.300339 0.203456 0.191693 0.0352138
811 0.299976 0.203348 0.191563 0.0352857
812 0.299459 0.202887 0.191119 0.0352732
813 0.298497 0.202324 0.190566 0.0352805
814 0.298263 0.201987 0.190233 0.0353022
815 0.297212 0.201111 0.189383 0.0352789
816 0.297212 0.201111 0.189383 0.035279
817 0.312365 0.216747 0.204474 0.0365719
818 0.312365 0.216747 0.204474 0.0365719
819 0.312365 0.216925 0.204658 0.0365388
820 0.312935 0.216381 0.204154 0.0364595
821 0.313874 0.216168 0.203965 0.0364254
822 0.31412 0.216469 0.204254 0.036455
823 0.315331 0.217368 0.205169 0.0363934
824 0.316124 0.218051 0.205857 0.0363445
825 0.293375 0.199466 0.187859 0.0348854
826 0.294588 0.200258 0.188657 0.0348222
827 0.294588 0.200258 0.188657 0.0348223
828 0.29307 0.198038 0.186514 0.0346597
829 0.295307 0.198885 0.187373 0.034636
830 0.295566 0.198571 0.187095 0.0345711
831 0.29577 0.198516 0.187037 0.0345942
832 0.295451 0.197983 0.18654 0.0345487
833 0.29489 0.196904 0.185551 0.03439
834 0.294889 0.196904 0.185551 0.03439
835 0.293954 0.195547 0.184285 0.0342448
836 0.293826 0.195006 0.183776 0.0341938
837 0.293331 0.193677 0.182514 0.0340704
838 0.291032 0.191567 0.180483 0.0339399
839 0.29046 0.191115 0.180049 0.0338986
840 0.271314 0.175626 0.165102 0.0327643
841 0.269733 0.174719 0.164227 0.0326855
842 0.264829 0.172141 0.161783 0.0324152
843 0.264829 0.172141 0.161783 0.0324153
844 0.26883 0.190814 0.1795 0.0350407
845 0.26933 0.191919 0.180556 0.0351701
846 0.26883 0.190271 0.179033 0.0348735
847 0.271415 0.195335 0.183919 0.0353151
848 0.275774 0.194139 0.182796 0.0352577
849 0.275773 0.194139 0.182796 0.0352578
850 0.280862 0.195323 0.183995 0.0353102
851 0.288052 0.197422 0.186113 0.0352809
852 0.288313 0.197626 0.18631 0.0353015
853 0.292095 0.196554 0.185448 0.0348493
854 0.291877 0.195985 0.184912 0.0348082
855 0.293452 0.196506 0.185477 0.0346788
856 0.293317 0.196009 0.185039 0.0345671
857 0.294062 0.196272 0.185318 0.0346048
858 0.294063 0.19622 0.185269 0.0345986
859 0.295284 0.196398 0.185485 0.0344163
860 0.294795 0.196609 0.185683 0.0344454
861 0.292958 0.195421 0.184566 0.0343027
862 0.291322 0.19367 0.182926 0.034063
863 0.291323 0.19367 0.182926 0.0340631
864 0.293677 0.195564 0.18476 0.0342133
865 0.287947 0.189971 0.179349 0.0340036
866 0.23736 0.15812 0.148199 0.0319747
867 0.237169 0.157952 0.14804 0.0319501
868 0.233898 0.154325 0.144513 0.0318713
869 0.231173 0.151826 0.142065 0.0319546
870 0.243099 0.159177 0.148982 0.0331821
871 0.242191 0.157583 0.147404 0.0332693
872 0.242742 0.156725 0.146549 0.0333722
873 0.248402 0.161509 0.151198 0.0336661
874 0.24706 0.161148 0.150816 0.0337626
875 0.25272 0.162114 0.151755 0.0339583
876 0.255946 0.164576 0.154158 0.0340816
877 0.253475 0.162834 0.152459 0.0339819
878 0.240262 0.157134 0.146737 0.0344831
879 0.239128 0.157358 0.14693 0.0346752
880 0.242622 0.159584 0.149078 0.0347192
881 0.255435 0.168761 0.157877 0.0350282
882 0.255435 0.168761 0.157877 0.0350282
883 0.252943 0.16676 0.155923 0.0349065
884 0.254349 0.16798 0.156996 0.0354111
885 0.252105 0.165907 0.154958 0.0354177
886 0.237863 0.160445 0.149573 0.0355163
887 0.237862 0.160445 0.149573 0.0355163
888 0.247405 0.167906 0.156802 0.0356195
889 0.279792 0.185832 0.173734 0.037499
890 0.290615 0.184711 0.172931 0.0368718
891 0.28981 0.184076 0.172293 0.0368801
892 0.280154 0.173254 0.161586 0.0366988
893 0.317825 0.200119 0.186244 0.0421
894 0.334311 0.209815 0.194618 0.0461572
895 0.336828 0.21152 0.195954 0.0471805
896 0.333976 0.223165 0.207109 0.0477568
897 0.337088 0.22563 0.209522 0.04788
898 0.339513 0.225771 0.20941 0.0486488
899 0.346711 0.230409 0.213859 0.0491746
900 0.347657 0.230941 0.214336 0.0493213
901 0.349613 0.231722 0.215004 0.0496477
902 0.353568 0.233736 0.216833 0.0501518
903 0.35357 0.233736 0.216833 0.0501518
904 0.355709 0.235353 0.218413 0.0502366
905 0.361194 0.239172 0.222041 0.0507468
906 0.361382 0.239448 0.222282 0.0508432
907 0.361966 0.240208 0.223021 0.0508853
908 0.3617 0.240012 0.222832 0.0508628
909 0.36071 0.239374 0.222251 0.0507165
910 0.360468 0.239435 0.22231 0.0507201
911 0.360071 0.238995 0.221909 0.0506252
912 0.357096 0.23768 0.22075 0.0502056
913 0.357098 0.23768 0.22075 0.0502056
914 0.353772 0.235499 0.218608 0.0500921
915 0.349617 0.234184 0.217674 0.0490244
916 0.33417 0.22156 0.205365 0.0481933
917 0.332645 0.218751 0.202665 0.0479716
918 0.327929 0.218142 0.202342 0.047027
919 0.322505 0.21451 0.19898 0.0462577
920 0.299527 0.204933 0.189151 0.0476976
921 0.293855 0.202498 0.18726 0.0461755
922 0.289121 0.199556 0.184613 0.0454009
923 0.291642 0.201742 0.186764 0.0455178
924 0.286514 0.198747 0.184082 0.0446904
925 0.281529 0.195648 0.181308 0.0438704
926 0.274505 0.190491 0.176516 0.0430105
927 0.273669 0.189713 0.175759 0.0429963
928 0.267327 0.186213 0.172882 0.0412581
929 0.26736 0.186217 0.172887 0.0412586
930 0.264382 0.184745 0.171684 0.0405406
931 0.262159 0.182865 0.170024 0.0400853
932 0.259275 0.180622 0.168048 0.0396105
933 0.259275 0.180622 0.168049 0.0396105
934 0.257846 0.178435 0.165923 0.0395418
935 0.248959 0.172152 0.159957 0.0385384
936 0.247512 0.170586 0.158433 0.0384426
937 0.247298 0.170151 0.158071 0.0383347
938 0.245968 0.168598 0.156597 0.0382221
939 0.245968 0.168598 0.156597 0.0382222
940 0.246188 0.168108 0.156131 0.038215
941 0.24882 0.168361 0.156401 0.0382504
942 0.248673 0.168102 0.15616 0.038223
943 0.248487 0.167977 0.156048 0.0381868
944 0.248487 0.167977 0.156048 0.0381868
945 0.294403 0.200477 0.188118 0.037877
946 0.29454 0.200591 0.188221 0.0378866
947 0.294512 0.200497 0.188128 0.0379021
948 0.299183 0.203328 0.190877 0.0380904
949 0.299051 0.203398 0.190939 0.0381055
950 0.299704 0.203968 0.191474 0.0381788
951 0.31052 0.21039 0.197712 0.0385867
952 0.308209 0.208877 0.196244 0.0384604
953 0.310669 0.21096 0.198256 0.0386118
954 0.310543 0.211101 0.198392 0.0386126
955 0.316518 0.215406 0.202561 0.0389075
956 0.316518 0.215406 0.202561 0.0389074
957 0.315713 0.214414 0.201584 0.0388692
958 0.315805 0.21447 0.201639 0.0388727
959 0.321572 0.218678 0.205714 0.0392574
960 0.322584 0.219537 0.206535 0.0394386
961 0.3232 0.220237 0.207218 0.0395094
962 0.328576 0.22321 0.210123 0.0399626
963 0.328576 0.22321 0.210123 0.0399625
964 0.32777 0.222316 0.209247 0.0398906
965 0.338661 0.23546 0.225162 0.0306309
966 0.340645 0.238264 0.22797 0.0304736
967 0.344159 0.240928 0.230616 0.0305134
968 0.347591 0.243557 0.233218 0.0305901
969 0.35422 0.243736 0.233342 0.0308157
970 0.35422 0.243736 0.233342 0.0308157
971 0.354429 0.243964 0.233563 0.0308342
972 0.384685 0.254471 0.242651 0.0391313
973 0.384213 0.256398 0.244571 0.0389968
974 0.384666 0.257715 0.2459 0.0389102
975 0.381986 0.258601 0.246747 0.0389215
976 0.381634 0.257411 0.245562 0.0389253
977 0.381254 0.256749 0.244903 0.0389238
978 0.372036 0.250054 0.238343 0.0390566
979 0.371238 0.250062 0.238332 0.0391182
980 0.370781 0.248702 0.237003 0.039109
981 0.366914 0.244316 0.232688 0.0391358
982 0.379529 0.25505 0.24334 0.0390983
983 0.378708 0.253776 0.242088 0.0390929
984 0.381684 0.252182 0.240528 0.0391284
985 0.381034 0.251326 0.239693 0.0390944
986 0.388608 0.252265 0.240666 0.0390412
987 0.392617 0.253445 0.241848 0.0389975
988 0.392617 0.253445 0.241848 0.0389975
989 0.39136 0.251881 0.240318 0.0389507
990 0.339757 0.237431 0.227326 0.0312569
991 0.335983 0.233576 0.22325 0.0320371
992 0.335983 0.233576 0.22325 0.0320371
993 0.334897 0.231836 0.221543 0.0319738
994 0.329565 0.229616 0.219085 0.0327329
995 0.329566 0.229617 0.219085 0.032733
996 0.32807 0.228052 0.217545 0.0326769
997 0.326398 0.229009 0.218297 0.0332299
998 0.326059 0.228625 0.217823 0.033486
999 0.32361 0.226483 0.215506 0.0340369
1000 0.340095 0.239201 0.228065 0.034198
1001 0.338581 0.238292 0.226974 0.0347785
1002 0.337068 0.237287 0.225896 0.0349943
1003 0.336221 0.236175 0.224812 0.0349299
1004 0.331967 0.234261 0.222705 0.0355378
1005 0.331968 0.234261 0.222705 0.0355378
1006 0.324642 0.229773 0.218128 0.0358779
1007 0.344809 0.245468 0.23356 0.0361601
1008 0.340195 0.244522 0.232511 0.0364203
1009 0.33624 0.24221 0.23015 0.0366098
1010 0.33624 0.24221 0.23015 0.0366098
1011 0.309006 0.216069 0.204316 0.0358404
1012 0.304889 0.213218 0.201506 0.0357842
1013 0.304813 0.213065 0.201359 0.0357653
1014 0.303251 0.213258 0.201512 0.0358878
1015 0.301897 0.211755 0.200063 0.035759
1016 0.298941 0.209649 0.197983 0.0358319
1017 0.29894 0.209649 0.197983 0.0358318
1018 0.297072 0.207421 0.195832 0.0356432
1019 0.293701 0.205146 0.19361 0.035665
1020 0.291076 0.202967 0.19151 0.0355206
1021 0.295111 0.204299 0.192888 0.0354552
1022 0.295111 0.204299 0.192888 0.0354551
1023 0.293526 0.202353 0.191021 0.0352649
1024 0.295558 0.202065 0.190845 0.0350853
1025 0.293923 0.199093 0.18809 0.0346692
1026 0.293923 0.199093 0.18809 0.0346692
1027 0.289035 0.194712 0.183929 0.0342068
1028 0.289113 0.194765 0.183974 0.0342314
1029 0.248769 0.160444 0.15064 0.0320041
1030 0.248592 0.160001 0.15024 0.0319013
1031 0.246644 0.158307 0.148636 0.0317666
1032 0.244938 0.157128 0.147523 0.0316501
1033 0.26221 0.172468 0.162397 0.032627
1034 0.262058 0.172292 0.162228 0.0326138
1035 0.261649 0.171699 0.161695 0.0325526
1036 0.268746 0.175338 0.16527 0.032617
1037 0.265747 0.172698 0.162744 0.0324333
1038 0.269865 0.175294 0.165284 0.0325832
1039 0.275866 0.178133 0.168046 0.0327258
1040 0.271843 0.175609 0.165609 0.0325169
1041 0.275853 0.177321 0.167314 0.0325932
1042 0.275823 0.176873 0.166907 0.0325304
1043 0.281562 0.17893 0.16896 0.0325476
1044 0.281562 0.17893 0.16896 0.0325476
1045 0.278187 0.177048 0.167136 0.0324201
1046 0.285124 0.179827 0.169864 0.032485
1047 0.289345 0.181411 0.171459 0.032522
1048 0.289668 0.181354 0.171435 0.0324961
1049 0.288779 0.18064 0.170788 0.0324382
1050 0.28878 0.18064 0.170788 0.0324382
1051 0.279903 0.175908 0.166184 0.0321632
1052 0.287359 0.179764 0.169967 0.0324138
1053 0.283377 0.178761 0.168997 0.0324319
1054 0.280685 0.177521 0.167784 0.0323633
1055 0.288671 0.184442 0.174462 0.0329005
1056 0.290788 0.185639 0.175534 0.0329899
1057 0.285651 0.184887 0.174629 0.0331791
1058 0.285651 0.184888 0.174629 0.0331791
1059 0.277746 0.180884 0.170689 0.0330889
1060 0.280147 0.183746 0.173449 0.0334794
1061 0.285052 0.187785 0.177377 0.0337389
1062 0.280996 0.184444 0.174138 0.033494
1063 0.294401 0.194096 0.18348 0.0346343
1064 0.306217 0.197726 0.186925 0.0351426
1065 0.278359 0.187519 0.176778 0.0342742
1066 0.27659 0.185494 0.17481 0.0341072
1067 0.285901 0.193433 0.182569 0.0356021
1068 0.289792 0.194074 0.183208 0.0359634
1069 0.293722 0.197028 0.186102 0.0363782
1070 0.291698 0.194915 0.184021 0.0361995
1071 0.311826 0.208917 0.197784 0.0380725
1072 0.318759 0.213392 0.202232 0.038724
1073 0.324109 0.217108 0.205961 0.0393676
1074 0.32765 0.219288 0.208194 0.0399106
1075 0.335823 0.224189 0.213127 0.0408402
1076 0.335778 0.224182 0.213119 0.0408476
1077 0.368515 0.240482 0.229221 0.0437212
1078 0.368515 0.240482 0.229221 0.0437211
1079 0.375563 0.244471 0.233077 0.0448632
1080 0.375503 0.244352 0.232965 0.0448468
1081 0.370053 0.239097 0.227668 0.0445867
1082 0.380336 0.247901 0.236257 0.0459814
1083 0.381276 0.249433 0.237728 0.0462604
1084 0.383644 0.252298 0.240535 0.0466625
1085 0.424017 0.263235 0.251796 0.0463594
1086 0.428796 0.265504 0.253959 0.0468483
1087 0.42878 0.265602 0.254053 0.0468527
1088 0.427183 0.266295 0.254716 0.0469388
1089 0.436642 0.269005 0.257351 0.0475239
1090 0.439221 0.270212 0.258557 0.047602
1091 0.442059 0.272478 0.260786 0.0478462
1092 0.44283 0.272925 0.261221 0.0479702
1093 0.444918 0.274308 0.262535 0.0483645
1094 0.446008 0.279024 0.267101 0.0489764
1095 0.448424 0.279384 0.267455 0.0491172
1096 0.449771 0.279035 0.267137 0.0491291
1097 0.449299 0.279302 0.267417 0.0491589
1098 0.449554 0.280603 0.268591 0.0495492
1099 0.448968 0.281323 0.269275 0.0496557
1100 0.465615 0.28843 0.275861 0.0513787
1101 0.473609 0.293854 0.281006 0.0522611
1102 0.473771 0.293816 0.280964 0.0522652
1103 0.479019 0.295284 0.282481 0.0524137
1104 0.479588 0.295994 0.283224 0.0523784
1105 0.479839 0.296889 0.284081 0.0524803
1106 0.478265 0.298621 0.285906 0.0522391
1107 0.478264 0.298621 0.285906 0.0522392
1108 0.482454 0.301057 0.288249 0.0526764
1109 0.482423 0.301063 0.288261 0.052653
1110 0.484422 0.29816 0.285401 0.0532286
1111 0.485126 0.297604 0.284826 0.0534803
1112 0.485004 0.290881 0.27821 0.0531263
1113 0.487694 0.292883 0.280055 0.0540065
1114 0.487694 0.292883 0.280055 0.0540063
1115 0.483558 0.294158 0.281265 0.054086
1116 0.499186 0.314414 0.300155 0.0586781
1117 0.496414 0.312801 0.298294 0.0597928
1118 0.497005 0.312353 0.297846 0.0599239
1119 0.499593 0.314427 0.299806 0.0602307
1120 0.499158 0.314975 0.300339 0.0602825
1121 0.499546 0.313894 0.299253 0.0600579
1122 0.49962 0.31527 0.300578 0.0601447
1123 0.497284 0.315192 0.300566 0.0599361
1124 0.495222 0.316257 0.30163 0.0598746
1125 0.495274 0.316186 0.301564 0.0598499
1126 0.491144 0.317546 0.302903 0.0597712
1127 0.491305 0.321018 0.306168 0.060186
1128 0.490879 0.321261 0.306406 0.0602
1129 0.495232 0.327626 0.312333 0.0617113
1130 0.499871 0.331595 0.315969 0.0627997
1131 0.509026 0.337918 0.322052 0.0634797
1132 0.516269 0.341892 0.325883 0.0638437
1133 0.530251 0.346093 0.330206 0.0629993
1134 0.516645 0.327605 0.312246 0.0612968
1135 0.510214 0.323903 0.308799 0.0604587
1136 0.499639 0.320114 0.305303 0.0590753
1137 0.499615 0.32073 0.305893 0.0591562
1138 0.721757 0.385918 0.371316 0.0737758
1139 0.725038 0.384954 0.370386 0.07368
1140 0.678199 0.376875 0.362449 0.0722541
1141 0.67247 0.377155 0.362717 0.0722718
1142 0.629429 0.390247 0.375769 0.0720468
1143 0.629425 0.390246 0.375769 0.0720467
1144 0.62777 0.392271 0.377713 0.0723102
1145 0.599699 0.393703 0.379309 0.0700929
1146 0.599549 0.394842 0.380401 0.0702339
1147 0.590269 0.394586 0.380065 0.0674489
1148 0.555528 0.352939 0.338441 0.0647672
1149 0.555333 0.352215 0.337734 0.0646927
1150 0.548556 0.328701 0.314652 0.0630796
1151 0.540368 0.319731 0.305874 0.0621409
1152 0.552235 0.323582 0.310205 0.0618407
1153 0.550491 0.315539 0.302458 0.0611883
1154 0.541029 0.311737 0.298811 0.0603086
1155 0.541029 0.311737 0.298811 0.0603087
1156 0.541139 0.311978 0.299041 0.0603518
1157 0.541702 0.310508 0.297725 0.0598506
1158 0.316198 0.199206 0.189638 0.0322419
1159 0.311493 0.197706 0.188206 0.0319553
1160 0.311491 0.197706 0.188206 0.0319553
1161 0.311169 0.197141 0.187653 0.031935
1162 0.310663 0.199098 0.189466 0.032178
1163 0.310665 0.199098 0.189466 0.0321782
1164 0.308747 0.198047 0.188431 0.0321564
1165 0.30787 0.197193 0.187597 0.0321222
1166 0.312287 0.199561 0.189944 0.0320814
1167 0.310084 0.197616 0.188097 0.031852
1168 0.311004 0.19827 0.188783 0.0317027
1169 0.318217 0.201036 0.191579 0.0315326
1170 0.319083 0.201529 0.192063 0.031549
1171 0.319214 0.20203 0.19255 0.0315688
1172 0.325778 0.204382 0.194954 0.031354
1173 0.328105 0.205997 0.196579 0.0312763
1174 0.32953 0.207414 0.198011 0.0311837
1175 0.330477 0.208319 0.198912 0.0311707
1176 0.331354 0.209227 0.199842 0.0310976
1177 0.330394 0.209809 0.200473 0.0309451
1178 0.330191 0.20976 0.200426 0.0309385
1179 0.323014 0.206569 0.197427 0.0304189
1180 0.321992 0.205675 0.19655 0.0303881
1181 0.318935 0.20414 0.195053 0.0302923
1182 0.311271 0.200943 0.191828 0.0304112
1183 0.260231 0.177734 0.168154 0.032157
1184 0.26055 0.178071 0.168481 0.0321802
1185 0.267096 0.176467 0.167137 0.0307367
1186 0.291902 0.187804 0.178152 0.0304772
1187 0.30256 0.191512 0.181884 0.0304608
1188 0.305733 0.197221 0.187454 0.030798
1189 0.30815 0.198588 0.188787 0.0308611
1190 0.30896 0.198882 0.189069 0.0308895
1191 0.303283 0.193829 0.184104 0.0309249
1192 0.30339 0.192922 0.18316 0.0311044
1193 0.307981 0.196773 0.186908 0.0312398
1194 0.307982 0.196772 0.186908 0.0312398
1195 0.30868 0.20036 0.190411 0.0313085
1196 0.309262 0.200765 0.190801 0.0313449
1197 0.307008 0.202379 0.192372 0.0313898
1198 0.306037 0.202862 0.192857 0.0313757
1199 0.304568 0.20277 0.192778 0.0313549
1200 0.303652 0.201975 0.192016 0.0313231
1201 0.303266 0.201783 0.191829 0.0313247
1202 0.30312 0.20165 0.191701 0.0313157
1203 0.300014 0.199682 0.189783 0.031274
1204 0.298776 0.198461 0.188573 0.0313197
1205 0.297635 0.19682 0.186936 0.0313681
1206 0.285536 0.183573 0.173998 0.0308554
1207 0.285536 0.183573 0.173999 0.0308554
1208 0.282144 0.181301 0.171779 0.0307964
1209 0.280127 0.180677 0.171171 0.0307641
1210 0.2874 0.186077 0.176327 0.0311517
1211 0.281016 0.181632 0.171967 0.0310714
1212 0.277552 0.180177 0.170469 0.0311612
1213 0.288563 0.187919 0.177993 0.031667
1214 0.288563 0.187919 0.177993 0.031667
1215 0.290495 0.189283 0.179311 0.0317716
1216 0.294994 0.19259 0.18251 0.0320048
1217 0.29005 0.189008 0.179001 0.0318836
1218 0.287491 0.187129 0.177106 0.0319899
1219 0.289607 0.188696 0.178634 0.0320929
1220 0.289606 0.188696 0.178634 0.0320929
1221 0.291247 0.190066 0.17996 0.0321859
1222 0.290282 0.189969 0.179791 0.032425
1223 0.289918 0.189775 0.179581 0.0324781
1224 0.290963 0.190616 0.1804 0.0325218
1225 0.298898 0.197148 0.18676 0.0328819
1226 0.295676 0.194481 0.184121 0.0328649
1227 0.293567 0.192581 0.182247 0.0328809
1228 0.293567 0.192582 0.182248 0.0328809
1229 0.962908 0.396712 0.390471 0.0338507
1230 0.962909 0.396664 0.390423 0.0338479
1231 0.962912 0.396604 0.390362 0.0338683
1232 0.962855 0.400592 0.394212 0.0344427
1233 0.962867 0.399942 0.393592 0.0343431
1234 0.962873 0.399574 0.393235 0.0343247
1235 0.962837 0.401508 0.395109 0.0344438
1236 0.962826 0.402429 0.395972 0.03464
1237 0.962826 0.402429 0.395972 0.0346399
1238 0.962908 0.402284 0.395916 0.0344968
1239 0.962899 0.402838 0.396455 0.0345298
1240 0.962899 0.402838 0.396455 0.0345299
1241 0.962838 0.40867 0.402156 0.0348627
1242 0.96285 0.407916 0.401425 0.0348236
1243 0.962835 0.408811 0.402291 0.0348555
1244 0.962747 0.3973 0.390775 0.0345024
1245 0.962747 0.3973 0.390775 0.0345024
1246 0.962752 0.397066 0.390552 0.0345003
1247 0.962741 0.397692 0.391165 0.0344936
1248 0.962706 0.401148 0.394519 0.0347442
1249 0.962704 0.401339 0.394712 0.0347412
1250 0.9627 0.401335 0.394708 0.0347327
1251 0.962452 0.380704 0.374049 0.0341964
1252 0.962451 0.380998 0.374342 0.0342413
1253 0.962452 0.381178 0.374524 0.0342597
1254 0.962352 0.387611 0.380757 0.0345318
1255 0.962352 0.387611 0.380757 0.0345317
1256 0.962339 0.388416 0.381542 0.0345347
1257 0.962354 0.387618 0.380776 0.034556
1258 0.962216 0.367343 0.360552 0.0338385
1259 0.962213 0.367403 0.360616 0.0338236
1260 0.962202 0.36835 0.361554 0.0339104
1261 0.962142 0.372399 0.365478 0.034251
1262 0.96215 0.372088 0.365182 0.0342346
1263 0.96215 0.372088 0.365182 0.0342346
1264 0.96214 0.372515 0.365593 0.0342693
1265 0.962033 0.354626 0.34773 0.0336774
1266 0.962027 0.354784 0.347872 0.0337192
1267 0.962081 0.352903 0.346118 0.0332118
1268 0.962088 0.352641 0.34587 0.0331824
1269 0.961955 0.360687 0.353627 0.0342022
1270 0.961966 0.360276 0.353223 0.034186
1271 0.961972 0.360108 0.353053 0.0342035
1272 0.961973 0.360183 0.35311 0.0342368
1273 0.961859 0.360381 0.353186 0.0344417
1274 0.961854 0.360609 0.353409 0.0344558
1275 0.961897 0.358649 0.351507 0.0343514
1276 0.962271 0.362093 0.355266 0.0337894
1277 0.962271 0.362093 0.355267 0.0337897
1278 0.962267 0.362234 0.355396 0.0337922
1279 0.96225 0.366071 0.35909 0.034356
1280 0.962261 0.365457 0.358471 0.0344011
1281 0.96227 0.364843 0.357845 0.0344434
1282 0.96227 0.364846 0.357848 0.0344445
1283 0.962702 0.397664 0.390833 0.0347992
1284 0.962739 0.395983 0.389148 0.0348568
1285 0.962739 0.395954 0.38912 0.0348522
1286 0.962786 0.394078 0.387248 0.0349035
1287 0.962824 0.390139 0.383426 0.034608
1288 0.962826 0.38997 0.383266 0.0345892
1289 0.962854 0.388725 0.382036 0.0345829
1290 0.962877 0.387391 0.380714 0.0345625
1291 0.963165 0.402397 0.396066 0.034213
1292 0.963165 0.402397 0.396066 0.0342131
1293 0.963197 0.400915 0.394644 0.0340921
1294 0.96321 0.400273 0.39402 0.0340566
1295 0.963334 0.420076 0.413773 0.0345454
1296 0.963354 0.419159 0.412912 0.0344118
1297 0.963359 0.418908 0.412681 0.0343554
1298 0.963406 0.414 0.408013 0.0337407
1299 0.963406 0.414 0.408013 0.0337407
1300 0.963405 0.413971 0.408015 0.0335813
1301 0.963306 0.411669 0.405487 0.0339525
1302 0.963302 0.411963 0.405771 0.0339637
1303 0.963346 0.408986 0.402928 0.0334765
1304 0.963398 0.403959 0.398079 0.0328267
1305 0.963401 0.403746 0.397876 0.0327789
1306 0.963388 0.405074 0.399161 0.0328794
1307 0.963414 0.402464 0.396692 0.0323169
1308 0.963554 0.411156 0.405528 0.0321246
1309 0.963567 0.409805 0.404272 0.0317135
1310 0.963567 0.409805 0.404272 0.0317136
1311 0.963551 0.411188 0.405622 0.0318444
1312 0.963566 0.409158 0.403749 0.0311683
1313 0.96347 0.40907 0.4035 0.031547
1314 0.963442 0.410178 0.404684 0.0311127
1315 0.963439 0.410465 0.404966 0.0311241
1316 0.963298 0.413407 0.40809 0.030943
1317 0.96329 0.41383 0.408478 0.0310173
1318 0.963231 0.415165 0.4096 0.0328553
1319 0.963097 0.423511 0.416841 0.0376122
1320 0.963096 0.423512 0.416841 0.0376125
1321 0.963206 0.430531 0.42397 0.0376802
1322 0.963343 0.431543 0.424837 0.0391986
1323 0.963347 0.431591 0.424834 0.0394376
1324 0.963347 0.431591 0.424834 0.0394376
1325 0.963428 0.42478 0.418303 0.0386055
1326 0.963411 0.425741 0.41907 0.0391472
1327 0.96341 0.425825 0.419138 0.0391809
1328 0.963359 0.431391 0.424611 0.0397682
1329 0.963354 0.431775 0.424975 0.039886
1330 0.963354 0.431775 0.424975 0.0398862
1331 0.963355 0.431374 0.424578 0.039767
1332 0.963367 0.44216 0.43523 0.0399191
1333 0.963359 0.442741 0.435816 0.0398883
1334 0.96335 0.443159 0.436214 0.0399056
1335 0.963362 0.443389 0.436452 0.0400816
1336 0.963285 0.447916 0.440896 0.0403099
1337 0.963276 0.448528 0.441498 0.0403226
1338 0.963282 0.44854 0.44151 0.0403891
1339 0.96328 0.449376 0.442333 0.0404937
1340 0.963728 0.465453 0.459105 0.0405775
1341 0.963705 0.466999 0.460583 0.0406297
1342 0.963724 0.46643 0.460063 0.0406637
1343 0.963724 0.46643 0.460063 0.0406637
1344 0.963425 0.488113 0.481213 0.0412688
1345 0.963405 0.48948 0.482562 0.0412834
1346 0.963422 0.488828 0.481914 0.0413447
1347 0.963411 0.48971 0.4828 0.0413027
1348 0.963769 0.513168 0.506764 0.0412909
1349 0.963753 0.514304 0.507883 0.041277
1350 0.963761 0.513594 0.507192 0.0413426
1351 0.963523 0.526783 0.520079 0.0409951
1352 0.963523 0.526927 0.520207 0.0410647
1353 0.963511 0.528151 0.521413 0.0411281
1354 0.963495 0.529288 0.522532 0.0411211
1355 0.964173 0.550715 0.545172 0.0411705
1356 0.964196 0.548793 0.543277 0.0412609
1357 0.964185 0.549867 0.544332 0.0413189
1358 0.964112 0.604682 0.599191 0.0412756
1359 0.964102 0.605919 0.600385 0.0414747
1360 0.964107 0.605482 0.599955 0.0414674
1361 0.96416 0.598943 0.594213 0.0376648
1362 0.964383 0.579181 0.574624 0.0383724
1363 0.964383 0.579181 0.574624 0.0383724
1364 0.964354 0.581863 0.57727 0.0384068
1365 0.964374 0.580051 0.57542 0.0388074
1366 0.964358 0.581506 0.576865 0.0388759
1367 0.964644 0.590988 0.587062 0.0384035
1368 0.964645 0.590924 0.587005 0.0383958
1369 0.964646 0.589989 0.58626 0.0382279
1370 0.964643 0.590879 0.58694 0.0386691
1371 0.964488 0.611246 0.606937 0.0395223
1372 0.964487 0.611223 0.6069 0.0396614
1373 0.964481 0.611778 0.607446 0.0396851
1374 0.964468 0.61311 0.608757 0.0397116
1375 0.964371 0.625333 0.620771 0.039849
1376 0.964386 0.623478 0.618897 0.0402351
1377 0.964386 0.623428 0.61883 0.0404139
1378 0.964386 0.623304 0.618716 0.0404946
1379 0.964386 0.623304 0.618716 0.040495
1380 0.964373 0.641785 0.637006 0.0413459
1381 0.964353 0.643661 0.638825 0.0416075
1382 0.96436 0.643038 0.63821 0.0416004
1383 0.964641 0.616049 0.611731 0.0416613
1384 0.964644 0.615699 0.611365 0.0418326
1385 0.964643 0.615699 0.611365 0.0418323
1386 0.964624 0.618003 0.613596 0.0419988
1387 0.964625 0.617865 0.613461 0.0421208
1388 0.964625 0.617674 0.613275 0.0422161
1389 0.964626 0.616626 0.612262 0.0421356
1390 0.964622 0.620227 0.615721 0.0426233
1391 0.964621 0.620152 0.615646 0.0426306
1392 0.964622 0.620076 0.615579 0.042737
1393 0.964622 0.620076 0.615578 0.0427369
1394 0.964691 0.613974 0.610033 0.0416039
1395 0.9647 0.613703 0.609766 0.0415532
1396 0.96469 0.61373 0.609811 0.0417697
1397 0.964685 0.614843 0.610984 0.0418941
1398 0.964694 0.613887 0.61007 0.041888
1399 0.964679 0.615573 0.61169 0.0420778
1400 0.964681 0.614746 0.610897 0.0419442
1401 0.964678 0.615489 0.611594 0.0422545
1402 0.96468 0.614717 0.610848 0.0422284
1403 0.964681 0.61507 0.611165 0.0422696
1404 0.964681 0.614929 0.611029 0.0422946
1405 0.964682 0.614445 0.61056 0.0422458
1406 0.96459 0.615995 0.611856 0.042207
1407 0.964588 0.61582 0.611681 0.0422291
1408 0.964588 0.61582 0.611681 0.042229
1409 0.964575 0.617452 0.613278 0.0422899
1410 0.964575 0.617344 0.61318 0.0423175
1411 0.964573 0.617166 0.613023 0.0423212
1412 0.964571 0.617157 0.613016 0.0423146
1413 0.964571 0.617087 0.612951 0.0423201
1414 0.964702 0.617451 0.613605 0.0424784
1415 0.964702 0.617451 0.613605 0.0424782
1416 0.964704 0.618239 0.614431 0.0426864
1417 0.964704 0.61812 0.614302 0.0427202
1418 0.964701 0.617652 0.613826 0.0425049
1419 0.9647 0.617721 0.613898 0.042463
1420 0.964554 0.635791 0.631586 0.0429679
1421 0.964554 0.635743 0.631541 0.0430091
1422 0.964555 0.635464 0.631272 0.0430163
1423 0.964554 0.635464 0.631272 0.0430162
1424 0.964584 0.63146 0.627335 0.042897
1425 0.964658 0.651485 0.647593 0.0431422
1426 0.964656 0.651802 0.647903 0.0431496
1427 0.964604 0.658505 0.654463 0.043462
1428 0.964603 0.658542 0.654493 0.0434611
1429 0.964599 0.658759 0.654708 0.043441
1430 0.964594 0.658957 0.654911 0.043413
1431 0.964594 0.658957 0.654911 0.0434132
1432 0.964462 0.674519 0.670168 0.0435248
1433 0.9645 0.669474 0.665231 0.0433242
1434 0.964457 0.674538 0.670193 0.0433761
1435 0.964453 0.674593 0.670261 0.0433024
1436 0.964451 0.674636 0.670312 0.0432545
1437 0.964451 0.674636 0.670313 0.0432546
1438 0.964448 0.67473 0.670422 0.0431864
1439 0.964898 0.713663 0.710751 0.0441619
1440 0.964893 0.713897 0.710993 0.0440835
1441 0.964894 0.713935 0.711023 0.044116
1442 0.964905 0.714171 0.711251 0.0438648
1443 0.964905 0.714171 0.711251 0.0438648
1444 0.964922 0.710307 0.707492 0.0436282
1445 0.964904 0.714374 0.711474 0.0434948
1446 0.965014 0.717886 0.715555 0.041524
1447 0.965007 0.718386 0.71605 0.0413202
1448 0.965007 0.718386 0.71605 0.0413201
1449 0.965016 0.716238 0.713974 0.0410983
1450 0.96501 0.718368 0.716047 0.0408963
1451 0.965009 0.717647 0.715375 0.0406126
1452 0.96501 0.717095 0.714832 0.0405761
1453 0.965016 0.717666 0.715423 0.0400883
1454 0.965034 0.718614 0.716381 0.0403499
1455 0.965037 0.717826 0.715624 0.0403038
1456 0.965043 0.718719 0.716507 0.0398407
1457 0.965045 0.718736 0.716524 0.0397499
1458 0.96505 0.718167 0.715993 0.0394639
1459 0.96505 0.71791 0.715748 0.0394501
1460 0.965051 0.718737 0.716563 0.0388982
1461 0.965036 0.714795 0.712488 0.040104
1462 0.965038 0.714592 0.712288 0.0400983
1463 0.965039 0.715567 0.713257 0.0395979
1464 0.965032 0.71793 0.715575 0.0396631
1465 0.965027 0.717949 0.715617 0.0390988
1466 0.965027 0.717949 0.715617 0.0390987
1467 0.965019 0.717046 0.714734 0.0386071
1468 0.964888 0.688631 0.685747 0.0385418
1469 0.964899 0.688634 0.685522 0.0400501
1470 0.964865 0.688529 0.685327 0.0416957
1471 0.964878 0.681384 0.678461 0.042237
1472 0.964903 0.683934 0.680869 0.0451272
1473 0.964962 0.684653 0.681462 0.047848
1474 0.964962 0.684346 0.68116 0.0477622
1475 0.964962 0.689868 0.686546 0.0480885
1476 0.964961 0.689899 0.686579 0.0480478
1477 0.964961 0.68996 0.686645 0.0479227
1478 0.964961 0.690006 0.686696 0.0477088
1479 0.964961 0.690006 0.686696 0.0477087
1480 0.964961 0.689326 0.68604 0.0473831
1481 0.96496 0.690016 0.686709 0.047425
1482 0.964788 0.638655 0.634699 0.0455431
1483 0.96479 0.638957 0.635009 0.0454303
1484 0.964793 0.639158 0.63523 0.0452992
1485 0.964795 0.63969 0.635768 0.045245
1486 0.964792 0.640331 0.636406 0.0450918
1487 0.964793 0.640335 0.636406 0.0451021
1488 0.964789 0.640991 0.637061 0.0449669
1489 0.964796 0.640972 0.637113 0.0449996
1490 0.964796 0.641284 0.637428 0.0449289
1491 0.964794 0.641615 0.637764 0.0448612
1492 0.964749 0.628256 0.624265 0.0448471
1493 0.964747 0.628461 0.624468 0.0447963
1494 0.964747 0.628797 0.6248 0.0446929
1495 0.964746 0.628329 0.624334 0.0445505
1496 0.964746 0.628583 0.62459 0.0445897
1497 0.964746 0.628558 0.624563 0.044465
1498 0.964745 0.628713 0.624717 0.0444396
1499 0.964718 0.6348 0.630571 0.0445714
1500 0.964718 0.634882 0.630649 0.0445706
1501 0.964718 0.635201 0.630966 0.0445278
1502 0.964718 0.635185 0.630952 0.0445184
1503 0.964718 0.635747 0.631514 0.0444582
1504 0.964717 0.635689 0.631457 0.0444437
1505 0.964714 0.635702 0.631477 0.0443682
1506 0.964715 0.635683 0.631462 0.0443404
1507 0.964715 0.635683 0.631462 0.0443403
1508 0.964717 0.635852 0.631627 0.0443464
1509 0.964608 0.631878 0.627299 0.0439466
1510 0.964609 0.631915 0.627333 0.0439553
1511 0.96461 0.63194 0.627355 0.0439782
1512 0.964611 0.632012 0.627427 0.043946
1513 0.961568 0.40849 0.397765 0.0462603
1514 0.961568 0.40849 0.397765 0.0462604
1515 0.961559 0.40892 0.398177 0.0462893
1516 0.961591 0.408927 0.398159 0.0464514
1517 0.961593 0.408916 0.39814 0.0464818
1518 0.961597 0.408923 0.398155 0.0464579
1519 0.961548 0.410628 0.399799 0.0464888
1520 0.96154 0.411121 0.400274 0.0465187
1521 0.961561 0.410742 0.399911 0.0465367
1522 0.961569 0.411057 0.400214 0.0466092
1523 0.961576 0.41113 0.400289 0.0466472
1524 0.961585 0.41122 0.400381 0.046696
1525 0.961798 0.394447 0.384283 0.0453585
1526 0.961797 0.394619 0.384461 0.0453501
1527 0.961809 0.394422 0.384267 0.0453842
1528 0.961811 0.39441 0.384262 0.0453665
1529 0.964601 0.597424 0.592093 0.0534383
1530 0.964601 0.597543 0.59221 0.0534781
1531 0.964603 0.597324 0.591999 0.0534351
1532 0.964599 0.597845 0.592523 0.0534556
1533 0.964599 0.597884 0.592565 0.0534487
1534 0.9646 0.597913 0.592592 0.0534679
1535 0.9646 0.597994 0.592669 0.0535006
1536 0.964765 0.611408 0.605466 0.0640085
1537 0.964765 0.611408 0.605466 0.0640084
1538 0.964767 0.611384 0.605444 0.0640408
1539 0.964766 0.611683 0.605736 0.0640763
1540 0.96477 0.611321 0.605383 0.0641033
1541 0.964767 0.612218 0.606251 0.0642223
1542 0.964767 0.612211 0.60624 0.0642457
1543 0.964769 0.612174 0.606205 0.0643147
1544 0.96477 0.612175 0.606206 0.0643165
1545 0.964877 0.633091 0.626763 0.0714849
1546 0.964879 0.632395 0.626077 0.0715109
1547 0.964854 0.636152 0.629642 0.071672
1548 0.964852 0.636158 0.629643 0.0717187
1549 0.964851 0.637344 0.630807 0.0719087
1550 0.964851 0.637339 0.630806 0.0719099
1551 0.964844 0.636988 0.630423 0.0720865
1552 0.964844 0.636987 0.630422 0.0720859
1553 0.964842 0.636314 0.629741 0.0720786
1554 0.964842 0.636401 0.629826 0.072098
1555 0.964846 0.636307 0.629695 0.0723004
1556 0.964837 0.637181 0.630539 0.072338
1557 0.96484 0.637102 0.630454 0.0723786
1558 0.964843 0.637037 0.630372 0.0724826
1559 0.96464 0.611223 0.605456 0.0585728
1560 0.964639 0.610983 0.605197 0.0587108
1561 0.964633 0.61112 0.605324 0.0588607
1562 0.964633 0.611118 0.605327 0.0588368
1563 0.964631 0.61111 0.60531 0.0588438
1564 0.964617 0.611387 0.605572 0.0592851
1565 0.964555 0.612678 0.606697 0.0590906
1566 0.964555 0.612678 0.606697 0.0590906
1567 0.964549 0.612558 0.606569 0.0592366
1568 0.964559 0.612836 0.60685 0.0594107
1569 0.964462 0.602107 0.596311 0.0558256
1570 0.964461 0.602234 0.596433 0.0558291
1571 0.964464 0.596114 0.590597 0.0529872
1572 0.964526 0.595511 0.590023 0.0522258
1573 0.964516 0.595868 0.590412 0.0516616
1574 0.964406 0.545754 0.541165 0.0394722
1575 0.964406 0.545754 0.541165 0.0394722
1576 0.964419 0.545953 0.541372 0.0395663
1577 0.964446 0.544618 0.540073 0.0395397
1578 0.964447 0.544589 0.540046 0.0395393
1579 0.964467 0.545519 0.540923 0.0401675
1580 0.964454 0.545638 0.541035 0.0404112
1581 0.964449 0.545633 0.541032 0.0404654
1582 0.964442 0.5457 0.541083 0.0407822
1583 0.964408 0.547694 0.542976 0.0413128
1584 0.964418 0.545955 0.541311 0.0415167
1585 0.964419 0.545903 0.541262 0.0415094
1586 0.964417 0.547486 0.542742 0.0422824
1587 0.964199 0.504319 0.499109 0.040968
1588 0.964206 0.503334 0.498152 0.0409891
1589 0.964229 0.500858 0.495712 0.0412649
1590 0.964211 0.503559 0.498324 0.0414108
1591 0.964217 0.502826 0.497591 0.0417412
1592 0.964225 0.502394 0.497163 0.0419235
1593 0.964229 0.501875 0.496647 0.0421505
1594 0.964229 0.501875 0.496647 0.0421504
1595 0.964251 0.499031 0.493897 0.0420155
1596 0.964232 0.499593 0.494372 0.0424791
1597 0.964239 0.498584 0.493393 0.0424285
1598 0.964218 0.501585 0.496282 0.0428678
1599 0.963943 0.452179 0.446029 0.0422657
1600 0.963931 0.453347 0.447162 0.0425517
1601 0.963949 0.452839 0.446677 0.0426223
1602 0.963949 0.452839 0.446677 0.0426224
1603 0.963988 0.449673 0.443602 0.0424506
1604 0.96397 0.452473 0.446325 0.0425883
1605 0.963986 0.452263 0.446119 0.0425183
1606 0.963972 0.45463 0.448387 0.0426794
1607 0.963989 0.454524 0.448306 0.0425012
1608 0.963989 0.454524 0.448306 0.0425013
1609 0.964031 0.451052 0.444956 0.0422421
1610 0.96401 0.454301 0.44812 0.0422016
1611 0.963582 0.39658 0.389885 0.0413894
1612 0.963597 0.39614 0.389467 0.0412442
1613 0.963649 0.393177 0.386635 0.0408629
1614 0.963529 0.401748 0.394954 0.0410916
1615 0.963532 0.401896 0.395103 0.0409824
1616 0.963537 0.402024 0.395248 0.0408132
1617 0.963496 0.404071 0.397225 0.04089
1618 0.963499 0.404168 0.397329 0.0408173
1619 0.963558 0.400888 0.394173 0.040486
1620 0.963561 0.401066 0.394355 0.0404731
1621 0.963589 0.399432 0.392779 0.0403679
1622 0.963513 0.404978 0.398184 0.0403603
1623 0.96351 0.405302 0.398503 0.0402395
1624 0.963499 0.40616 0.399377 0.0401477
1625 0.963499 0.40616 0.399377 0.0401477
1626 0.963624 0.399187 0.392657 0.0396516
1627 0.963412 0.409352 0.402506 0.0398027
1628 0.963387 0.410924 0.404022 0.0399103
1629 0.963311 0.416381 0.409297 0.040228
1630 0.963899 0.460429 0.454387 0.0396879
1631 0.963966 0.45536 0.449515 0.0393132
1632 0.963897 0.462252 0.456153 0.0396707
1633 0.963864 0.464532 0.458379 0.03966
1634 0.963864 0.464532 0.458379 0.03966
1635 0.963946 0.45956 0.453568 0.0393682
1636 0.963835 0.464386 0.458238 0.0392804
1637 0.963835 0.464367 0.45822 0.0392811
1638 0.963772 0.469765 0.463514 0.0391062
1639 0.963763 0.470422 0.464179 0.038863
1640 0.96376 0.470721 0.4645 0.0387055
1641 0.963759 0.471092 0.464869 0.0384736
1642 0.964033 0.528868 0.523272 0.0400386
1643 0.964078 0.524682 0.519203 0.0398875
1644 0.964033 0.529313 0.523773 0.0395824
1645 0.964308 0.530174 0.525124 0.0399309
1646 0.964275 0.53358 0.528458 0.0393054
1647 0.964275 0.53358 0.528459 0.0393053
1648 0.96423 0.533583 0.528398 0.039097
1649 0.964254 0.530492 0.525392 0.0387602
1650 0.964254 0.530591 0.525486 0.0387678
1651 0.96422 0.534313 0.529115 0.0387309
1652 0.964221 0.534047 0.528842 0.0387066
1653 0.964082 0.534694 0.529245 0.0385431
1654 0.964094 0.533801 0.528378 0.0384509
1655 0.96409 0.534048 0.528621 0.0384105
1656 0.96409 0.534048 0.528621 0.0384106
1657 0.964185 0.511203 0.505941 0.0381076
1658 0.964206 0.509314 0.504119 0.0379736
1659 0.964198 0.510168 0.504932 0.0379857
1660 0.964202 0.509754 0.504522 0.0379755
1661 0.964142 0.515208 0.509852 0.0381568
1662 0.964153 0.513897 0.508541 0.0381776
1663 0.964155 0.513534 0.508192 0.0381495
1664 0.964151 0.514259 0.508793 0.0385066
1665 0.964031 0.523048 0.517412 0.0384721
1666 0.964034 0.522761 0.517112 0.0385813
1667 0.964034 0.522761 0.517112 0.0385813
1668 0.963963 0.529059 0.523334 0.0386581
1669 0.963974 0.527763 0.522078 0.0385645
1670 0.963969 0.52842 0.522647 0.038875
1671 0.963973 0.528063 0.522262 0.0390535
1672 0.963921 0.532361 0.526505 0.0390574
1673 0.963929 0.531526 0.5257 0.0390076
1674 0.963927 0.531778 0.525901 0.0392239
1675 0.964154 0.523732 0.518195 0.0388793
1676 0.964154 0.523732 0.518195 0.0388795
1677 0.96416 0.522889 0.517384 0.0388135
1678 0.964108 0.527638 0.522067 0.0389786
1679 0.964106 0.527709 0.522137 0.0390564
1680 0.964106 0.527708 0.522137 0.0390563
1681 0.964109 0.527145 0.521577 0.0391148
1682 0.964082 0.535702 0.530142 0.0392195
1683 0.96408 0.535883 0.53032 0.0392226
1684 0.96408 0.536047 0.530452 0.0393588
1685 0.964224 0.523769 0.518345 0.0391768
1686 0.964225 0.52361 0.51817 0.0392997
1687 0.964225 0.52361 0.51817 0.0392997
1688 0.964209 0.524801 0.519337 0.0393547
1689 0.964209 0.524698 0.519242 0.0393336
1690 0.964209 0.524699 0.519231 0.0394701
1691 0.964208 0.52478 0.519308 0.0395303
1692 0.964208 0.52478 0.519308 0.0395301
1693 0.96421 0.524612 0.519148 0.0395132
1694 0.964213 0.5242 0.51875 0.0394733
1695 0.96421 0.524546 0.519082 0.0395619
1696 0.96421 0.52462 0.519157 0.0395702
1697 0.964382 0.534669 0.52967 0.0395621
1698 0.964384 0.534431 0.529439 0.0395395
1699 0.964382 0.534795 0.529786 0.039621
1700 0.964382 0.535349 0.53034 0.0396804
1701 0.964379 0.535602 0.530585 0.0397361
1702 0.964379 0.535602 0.530585 0.0397362
1703 0.964372 0.536718 0.531655 0.0398113
1704 0.964374 0.536563 0.531506 0.039824
1705 0.964372 0.536813 0.531745 0.0398524
1706 0.964368 0.537145 0.532063 0.0399069
1707 0.964368 0.537689 0.532568 0.0399684
1708 0.96437 0.537546 0.532434 0.0399404
1709 0.964367 0.537851 0.532706 0.0400995
1710 0.964465 0.55882 0.553968 0.0406046
1711 0.964465 0.55882 0.553968 0.0406047
1712 0.964468 0.558466 0.553634 0.0405803
1713 0.964466 0.559759 0.554868 0.0406812
1714 0.964466 0.559808 0.554909 0.0407312
1715 0.964466 0.559808 0.554909 0.040731
1716 0.964465 0.55996 0.555055 0.0407457
1717 0.964464 0.560065 0.555151 0.0407806
1718 0.964472 0.563732 0.558754 0.0411226
1719 0.964472 0.563713 0.558734 0.0411383
1720 0.964472 0.563726 0.558742 0.0411499
1721 0.964473 0.563726 0.558742 0.0411498
1722 0.964474 0.563551 0.558546 0.0411676
1723 0.96444 0.555418 0.550398 0.0410444
1724 0.96444 0.555415 0.550399 0.0410219
1725 0.964442 0.555222 0.550215 0.0410287
1726 0.964442 0.555222 0.550215 0.0410285
1727 0.964424 0.556551 0.551484 0.0412321
1728 0.964435 0.555337 0.550293 0.0412491
1729 0.964435 0.555272 0.550232 0.0412425
1730 0.964439 0.554962 0.549915 0.0413216
1731 0.964434 0.557067 0.551902 0.0413453
1732 0.964426 0.55808 0.55288 0.04143
1733 0.964439 0.556512 0.551337 0.0414443
1734 0.96444 0.556393 0.551215 0.0414619
1735 0.964494 0.561241 0.556372 0.0413171
1736 0.964491 0.561689 0.556805 0.0413388
1737 0.964503 0.560022 0.555138 0.0413979
1738 0.964425 0.564936 0.559848 0.0412165
1739 0.964432 0.563949 0.558865 0.0412846
1740 0.964434 0.563781 0.558684 0.0413752
1741 0.964434 0.563781 0.558684 0.0413752
1742 0.964453 0.552056 0.546917 0.041659
1743 0.964452 0.551779 0.546607 0.0417829
1744 0.964451 0.551833 0.546656 0.0417943
1745 0.964451 0.551867 0.546675 0.0418551
1746 0.96443 0.55596 0.550524 0.0421116
1747 0.96443 0.55596 0.550524 0.0421119
1748 0.964419 0.557441 0.551947 0.0421691
1749 0.964457 0.550107 0.544971 0.0417002
1750 0.964459 0.549905 0.544784 0.0416504
1751 0.964459 0.550128 0.544997 0.0416631
1752 0.964415 0.555439 0.550036 0.0419406
1753 0.96441 0.555972 0.550546 0.0419599
1754 0.964427 0.554058 0.548746 0.0417112
1755 0.964368 0.556087 0.550631 0.0412724
1756 0.964373 0.555624 0.550199 0.0411285
1757 0.964373 0.555624 0.550199 0.0411286
1758 0.964358 0.557342 0.551844 0.0412003
1759 0.964399 0.529945 0.52479 0.0409519
1760 0.964401 0.530198 0.525014 0.0410314
1761 0.964395 0.530453 0.525309 0.0408069
1762 0.964345 0.535525 0.530195 0.0409756
1763 0.964345 0.535525 0.530195 0.040976
1764 0.964339 0.536447 0.531084 0.0409975
1765 0.96434 0.535915 0.530613 0.0407734
1766 0.964338 0.536094 0.530795 0.0407124
1767 0.964169 0.504065 0.498341 0.0405612
1768 0.964167 0.504123 0.498402 0.040528
1769 0.964164 0.504361 0.498655 0.0403543
1770 0.964164 0.504361 0.498655 0.0403545
1771 0.964172 0.503908 0.498227 0.0403648
1772 0.964141 0.506154 0.500411 0.0402376
1773 0.964139 0.506277 0.500532 0.0402085
1774 0.964138 0.506395 0.500645 0.0401854
1775 0.963985 0.505135 0.499108 0.0398409
1776 0.963985 0.505135 0.499108 0.0398408
1777 0.963994 0.504506 0.498499 0.0398281
1778 0.964064 0.502228 0.496325 0.0399751
1779 0.964053 0.50311 0.497191 0.0399267
1780 0.964054 0.502979 0.497064 0.0399233
1781 0.964051 0.503201 0.497286 0.0399226
1782 0.96394 0.505526 0.49945 0.0396546
1783 0.963939 0.505601 0.499531 0.0396411
1784 0.963939 0.5056 0.49953 0.0396413
1785 0.963939 0.505499 0.499431 0.0396272
1786 0.964175 0.513864 0.508233 0.0400281
1787 0.964176 0.51379 0.508158 0.0400279
1788 0.964178 0.51369 0.508059 0.0400482
1789 0.964179 0.513526 0.507899 0.0400829
1790 0.96406 0.513762 0.507953 0.0396389
1791 0.964062 0.513192 0.507397 0.0395992
1792 0.964063 0.513475 0.507673 0.0396916
1793 0.964064 0.513371 0.50757 0.0397056
1794 0.964332 0.519195 0.514047 0.0399357
1795 0.964336 0.51891 0.513769 0.039976
1796 0.964336 0.51891 0.51377 0.039976
1797 0.964281 0.523935 0.518601 0.0400067
1798 0.96427 0.525349 0.519965 0.0401295
1799 0.964269 0.525326 0.519926 0.0402291
1800 0.964294 0.5238 0.518423 0.0405235
1801 0.964294 0.5238 0.518423 0.0405235
1802 0.964296 0.523659 0.518279 0.0406069
1803 0.96412 0.494437 0.488618 0.0404862
1804 0.964122 0.493562 0.487757 0.040466
1805 0.964124 0.493223 0.487426 0.0404157
1806 0.964115 0.494239 0.488375 0.0406115
1807 0.964115 0.494209 0.488327 0.0406356
1808 0.964129 0.493126 0.487266 0.0406289
1809 0.964131 0.492968 0.487112 0.0405943
1810 0.964131 0.492968 0.487112 0.0405944
1811 0.963929 0.46715 0.460931 0.0401881
1812 0.963913 0.469012 0.462737 0.0402934
1813 0.963913 0.469053 0.462776 0.0403034
1814 0.963856 0.468992 0.462621 0.0400648
1815 0.963866 0.468023 0.461675 0.0400289
1816 0.96384 0.470537 0.464135 0.0400443
1817 0.96384 0.470473 0.464076 0.0400025
1818 0.963777 0.47036 0.463847 0.0398595
1819 0.963777 0.47036 0.463847 0.0398597
1820 0.963809 0.467431 0.460985 0.0397444
1821 0.963785 0.441361 0.434875 0.0399183
1822 0.963815 0.438844 0.432462 0.0396931
1823 0.963815 0.438844 0.432462 0.0396931
1824 0.963847 0.436301 0.429969 0.0395769
1825 0.963816 0.43845 0.432041 0.0396125
1826 0.963816 0.43845 0.432041 0.0396124
1827 0.96384 0.43669 0.430341 0.0395213
1828 0.963742 0.442471 0.435922 0.0397865
1829 0.963775 0.439545 0.433083 0.0395813
1830 0.963775 0.439545 0.433083 0.0395811
1831 0.963727 0.44328 0.436737 0.0396699
1832 0.963818 0.436357 0.430045 0.0394037
1833 0.96376 0.440249 0.433804 0.0395265
1834 0.963757 0.440475 0.434035 0.0394892
1835 0.963657 0.447944 0.441353 0.0396153
1836 0.963657 0.447944 0.441354 0.0396153
1837 0.963703 0.444128 0.437625 0.0395154
1838 0.96372 0.442778 0.436316 0.0394762
1839 0.963688 0.426717 0.420193 0.0395637
1840 0.963621 0.430673 0.424029 0.0398186
1841 0.963621 0.43088 0.424244 0.0398953
1842 0.963617 0.43278 0.426115 0.0403562
1843 0.963571 0.436394 0.429628 0.0404867
1844 0.963607 0.433113 0.426438 0.0406151
1845 0.96366 0.429485 0.422916 0.0404485
1846 0.963652 0.430029 0.423421 0.0407316
1847 0.963652 0.430028 0.423421 0.0407314
1848 0.963618 0.432881 0.426168 0.0409252
1849 0.96365 0.430995 0.424326 0.0414847
1850 0.963524 0.438942 0.431951 0.0415032
1851 0.96352 0.439443 0.432426 0.0417155
1852 0.963513 0.440227 0.433203 0.0420109
1853 0.963296 0.412705 0.405519 0.0422948
1854 0.963334 0.409824 0.402718 0.0421488
1855 0.963381 0.407933 0.400894 0.0425146
1856 0.963236 0.419817 0.412477 0.0434207
1857 0.963175 0.417252 0.410074 0.0418577
1858 0.963175 0.417252 0.410074 0.0418576
1859 0.963277 0.410347 0.403369 0.0408632
1860 0.963275 0.410443 0.403463 0.0408671
1861 0.963242 0.412314 0.40541 0.0401727
1862 0.962783 0.370522 0.362814 0.0397824
1863 0.962791 0.370011 0.362347 0.0397242
1864 0.962798 0.369606 0.362032 0.0395656
1865 0.962821 0.367983 0.36058 0.0391958
1866 0.962829 0.367656 0.360284 0.0393362
1867 0.962829 0.367656 0.360283 0.0393364
1868 0.962831 0.366958 0.359704 0.0390932
1869 0.962874 0.364863 0.357653 0.0389182
1870 0.962877 0.364534 0.357343 0.038931
1871 0.962923 0.362626 0.355623 0.0385522
1872 0.962838 0.37062 0.363363 0.0389319
1873 0.962842 0.370457 0.363221 0.0388966
1874 0.962862 0.36992 0.362779 0.0386398
1875 0.962862 0.36992 0.36278 0.0386398
1876 0.962841 0.370715 0.363555 0.03867
1877 0.962832 0.37333 0.366186 0.0383214
1878 0.962835 0.373293 0.36618 0.0382078
1879 0.96287 0.372159 0.36515 0.0378363
1880 0.961542 0.303059 0.295821 0.0357978
1881 0.961427 0.306743 0.299443 0.0359355
1882 0.961592 0.302402 0.295288 0.0353179
1883 0.961632 0.302001 0.294866 0.0353611
1884 0.961605 0.302804 0.295654 0.0353945
1885 0.961591 0.303616 0.296514 0.03516
1886 0.96166 0.301777 0.294702 0.0351245
1887 0.961696 0.300733 0.293736 0.0348283
1888 0.96167 0.301442 0.294432 0.0348608
1889 0.961712 0.300817 0.294 0.0341056
1890 0.961712 0.300817 0.294 0.0341055
1891 0.961794 0.298098 0.291373 0.0339455
1892 0.961732 0.300798 0.294115 0.033683
1893 0.961635 0.303856 0.297226 0.0333538
1894 0.961191 0.26235 0.256073 0.0313497
1895 0.961192 0.26235 0.256072 0.0313498
1896 0.961111 0.264151 0.257833 0.0313019
1897 0.960589 0.278243 0.271766 0.0314334
1898 0.960691 0.275306 0.268864 0.0313507
1899 0.960317 0.285159 0.278614 0.031381
1900 0.960317 0.285159 0.278614 0.031381
1901 0.960473 0.280782 0.274281 0.0312717
1902 0.96037 0.278231 0.271669 0.0314331
1903 0.960344 0.278802 0.272234 0.0313884
1904 0.960468 0.275346 0.268858 0.0312586
1905 0.960273 0.280552 0.273909 0.0314872
1906 0.960375 0.277553 0.270925 0.031475
1907 0.960357 0.277886 0.271192 0.0316514
1908 0.960069 0.283594 0.276688 0.0318377
1909 0.95905 0.286536 0.279613 0.0319317
1910 0.447965 0.267424 0.259605 0.0331893
1911 0.453736 0.26699 0.258949 0.0338465
1912 0.451986 0.271795 0.263508 0.0345378
1913 0.449624 0.272807 0.264311 0.0351192
1914 0.448613 0.274735 0.26613 0.0353888
1915 0.445031 0.277284 0.268488 0.0359534
1916 0.443858 0.283102 0.273878 0.0374414
1917 0.451049 0.288795 0.279269 0.0388872
1918 0.451795 0.29226 0.282728 0.0388582
1919 0.465002 0.298385 0.288539 0.0403924
1920 0.465003 0.298385 0.288538 0.0403924
1921 0.465233 0.295053 0.285221 0.0403236
1922 0.46611 0.299761 0.289883 0.0402862
1923 0.463808 0.300111 0.290222 0.0402129
1924 0.459329 0.300449 0.290539 0.0401688
1925 0.453375 0.300919 0.291014 0.0399883
1926 0.453098 0.298418 0.288524 0.0399586
1927 0.351693 0.240583 0.229808 0.0374917
1928 0.352128 0.241461 0.230667 0.0374029
1929 0.353347 0.242401 0.231597 0.037305
1930 0.348298 0.238449 0.227677 0.0371697
1931 0.346605 0.23715 0.226387 0.0371387
1932 0.354395 0.243165 0.232343 0.0370669
1933 0.35901 0.246529 0.235707 0.0370166
1934 0.361877 0.248765 0.237902 0.0368897
1935 0.361877 0.248765 0.237902 0.0368909
1936 0.364341 0.250964 0.240104 0.0368149
1937 0.35906 0.247221 0.236397 0.0367071
1938 0.363167 0.251245 0.240413 0.0364039
1939 0.365887 0.253695 0.242918 0.0358775
1940 0.365887 0.253695 0.242918 0.0358775
1941 0.359776 0.249768 0.239023 0.0357711
1942 0.364166 0.252351 0.241596 0.0357197
1943 0.365492 0.254637 0.243941 0.0352648
1944 0.364084 0.254174 0.243494 0.0351439
1945 0.360538 0.251575 0.24093 0.0349309
1946 0.362567 0.25307 0.242419 0.0348845
1947 0.361522 0.251936 0.241281 0.0347355
1948 0.361502 0.251915 0.24126 0.0347367
1949 0.370487 0.257448 0.246694 0.0349952
1950 0.3698 0.256164 0.245386 0.0350802
1951 0.3713 0.257331 0.246512 0.0351829
1952 0.372352 0.258093 0.247226 0.035296
1953 0.372353 0.258092 0.247229 0.0352849
1954 0.379556 0.263874 0.252864 0.0357148
1955 0.381214 0.264874 0.253821 0.0358629
1956 0.380019 0.263882 0.252836 0.0358246
1957 0.383321 0.266535 0.25541 0.0360878
1958 0.359227 0.239722 0.228484 0.0365507
1959 0.361974 0.241298 0.229997 0.03674
1960 0.361974 0.241298 0.229997 0.03674
1961 0.363758 0.242406 0.231055 0.0368894
1962 0.364853 0.22517 0.214042 0.0339435
1963 0.364816 0.224229 0.213083 0.0339827
1964 0.363578 0.222695 0.211549 0.0340279
1965 0.371217 0.229591 0.218302 0.0344068
1966 0.375546 0.23232 0.220915 0.0346999
1967 0.376691 0.233045 0.221611 0.0347667
1968 0.378595 0.234492 0.223005 0.0349016
1969 0.380831 0.238162 0.22659 0.0351684
1970 0.382756 0.239609 0.22798 0.0353346
1971 0.382979 0.23892 0.227299 0.0353233
1972 0.385709 0.241423 0.229741 0.0355282
1973 0.383162 0.238398 0.226753 0.0354048
1974 0.391706 0.243806 0.23204 0.0358462
1975 0.39319 0.24499 0.233192 0.0359463
1976 0.394931 0.246132 0.234294 0.0360911
1977 0.395242 0.24574 0.233891 0.0361249
1978 0.394269 0.243588 0.231786 0.0359945
1979 0.400281 0.248762 0.236862 0.0364221
1980 0.399978 0.247104 0.235227 0.0363373
1981 0.406051 0.253811 0.241875 0.0366197
1982 0.407033 0.254536 0.242598 0.0366344
1983 0.406635 0.250806 0.238928 0.0363671
1984 0.405853 0.249222 0.237375 0.0362333
1985 0.354815 0.237191 0.224469 0.0373556
1986 0.355973 0.237537 0.224791 0.037357
1987 0.35793 0.239037 0.226232 0.0374712
1988 0.36153 0.243683 0.230829 0.0377541
1989 0.362294 0.244636 0.231739 0.0378627
1990 0.365546 0.247363 0.234419 0.0379963
1991 0.367366 0.247993 0.235036 0.0380856
1992 0.369292 0.250245 0.237246 0.0382035
1993 0.370975 0.250906 0.237941 0.038119
1994 0.370975 0.250906 0.237941 0.038119
1995 0.962186 0.483575 0.475064 0.0426707
1996 0.962198 0.483929 0.475388 0.0427104
1997 0.962198 0.483901 0.475363 0.0427117
1998 0.962289 0.483649 0.475134 0.0427416
1999 0.962289 0.483649 0.475134 0.0427416
2000 0.962265 0.484888 0.476302 0.0430202
2001 0.962255 0.485476 0.476853 0.0431616
2002 0.962253 0.478638 0.470137 0.0427104
2003 0.962231 0.479503 0.470938 0.0429679
2004 0.962222 0.480049 0.471436 0.0431307
2005 0.962178 0.482167 0.473365 0.0436975
2006 0.962155 0.481323 0.472502 0.043817
2007 0.962153 0.482619 0.473735 0.043991
2008 0.962149 0.483676 0.474759 0.0440758
2009 0.962175 0.48432 0.475492 0.0440856
2010 0.962152 0.482189 0.473405 0.0439348
2011 0.962157 0.482858 0.474054 0.0440568
2012 0.962066 0.485156 0.476276 0.0442406
2013 0.962008 0.485788 0.476876 0.0442913
2014 0.962007 0.486181 0.477254 0.0443624
2015 0.962197 0.494938 0.48635 0.0444381
2016 0.962194 0.495547 0.486905 0.044577
2017 0.962194 0.495547 0.486905 0.044577
2018 0.962278 0.493831 0.485299 0.0443966
2019 0.962233 0.495241 0.486472 0.0446956
2020 0.962268 0.493678 0.484992 0.0444919
2021 0.96228 0.503602 0.495001 0.0448027
2022 0.962322 0.501399 0.492768 0.0448256
2023 0.962334 0.500897 0.492226 0.0448355
2024 0.962351 0.50014 0.491478 0.0447999
2025 0.962697 0.525647 0.517874 0.0448202
2026 0.962736 0.520941 0.513012 0.0445403
2027 0.962736 0.520941 0.513012 0.0445404
2028 0.962721 0.524538 0.516681 0.0447706
2029 0.962651 0.524415 0.516316 0.0448264
2030 0.962665 0.524297 0.51615 0.0448721
2031 0.962669 0.524245 0.51607 0.0448721
2032 0.963033 0.538827 0.531511 0.0440986
2033 0.963044 0.538853 0.531452 0.0441081
2034 0.963044 0.538853 0.531452 0.0441081
2035 0.963021 0.542974 0.535438 0.0447648
2036 0.962862 0.548533 0.540763 0.0449764
2037 0.962867 0.548856 0.541027 0.0449663
2038 0.962869 0.549219 0.541334 0.0449324
2039 0.9629 0.548822 0.540876 0.0448689
2040 0.963118 0.564337 0.55699 0.0447747
2041 0.963131 0.563541 0.556192 0.0447336
2042 0.963107 0.566707 0.559287 0.0446908
2043 0.963129 0.565534 0.558108 0.0446617
2044 0.963507 0.585038 0.578677 0.0436037
2045 0.963545 0.585736 0.579349 0.0434642
2046 0.963564 0.58637 0.579975 0.0433259
2047 0.963592 0.586811 0.580392 0.0431909
2048 0.963465 0.598204 0.591506 0.0440705
2049 0.963482 0.597584 0.590901 0.0440691
2050 0.963531 0.598227 0.591525 0.0437563
2051 0.963556 0.597992 0.591294 0.0435936
2052 0.963648 0.60823 0.601883 0.0434742
2053 0.963706 0.607695 0.601402 0.043106
2054 0.963706 0.607695 0.601402 0.043106
2055 0.963714 0.607328 0.601037 0.043091
2056 0.963844 0.605896 0.599707 0.0425544
2057 0.963819 0.610055 0.603921 0.0420657
2058 0.963842 0.609629 0.603523 0.0419678
2059 0.963879 0.608712 0.602651 0.0418728
2060 0.963884 0.608506 0.602445 0.0418697
2061 0.964032 0.614945 0.609156 0.0418733
2062 0.964075 0.613628 0.607939 0.0413956
2063 0.96409 0.613244 0.607561 0.0413402
2064 0.964006 0.61795 0.612263 0.041187
2065 0.964026 0.617714 0.612046 0.0411175
2066 0.964026 0.617714 0.612046 0.0411174
2067 0.964024 0.618017 0.612347 0.0411285
2068 0.963951 0.619291 0.613468 0.0408635
2069 0.963961 0.61897 0.613109 0.0408667
2070 0.963961 0.61897 0.613109 0.0408667
2071 0.964223 0.627032 0.621601 0.0412305
2072 0.964219 0.627364 0.621927 0.0412363
2073 0.964235 0.626723 0.621234 0.0413976
2074 0.964145 0.629372 0.623717 0.0413038
2075 0.964148 0.629212 0.623546 0.041304
2076 0.964153 0.628823 0.623133 0.0413187
2077 0.964146 0.629107 0.623411 0.0413287
2078 0.964149 0.629074 0.623375 0.041305
2079 0.964149 0.629214 0.62351 0.0413312
2080 0.964164 0.628349 0.622648 0.0412867
2081 0.964017 0.627919 0.621942 0.0411966
2082 0.964017 0.627919 0.621942 0.0411965
2083 0.96402 0.628034 0.622051 0.0411588
2084 0.964238 0.624663 0.618962 0.0412665
2085 0.964237 0.624858 0.619154 0.0412759
2086 0.964242 0.624499 0.618848 0.041166
2087 0.964198 0.62678 0.621077 0.0409941
2088 0.964198 0.626835 0.621189 0.0408132
2089 0.964198 0.626835 0.621189 0.040813
2090 0.964195 0.627204 0.621547 0.0408408
2091 0.964024 0.630504 0.624519 0.040628
2092 0.964027 0.630107 0.624151 0.0405358
2093 0.964028 0.630078 0.624133 0.0405163
2094 0.964026 0.630262 0.624312 0.0405253
2095 0.964042 0.62889 0.623007 0.0403444
2096 0.964221 0.609475 0.60378 0.0406255
2097 0.96422 0.609569 0.603872 0.0406319
2098 0.964228 0.608924 0.603254 0.0405748
2099 0.964176 0.613611 0.607858 0.0405074
2100 0.964176 0.613611 0.607858 0.0405073
2101 0.964172 0.613932 0.60817 0.0405205
2102 0.964189 0.612581 0.60691 0.0403849
2103 0.964266 0.595141 0.589495 0.0405838
2104 0.964262 0.595421 0.58977 0.0405813
2105 0.964276 0.594477 0.588922 0.040476
2106 0.96428 0.594105 0.588579 0.0404313
2107 0.964285 0.593673 0.588171 0.040386
2108 0.964191 0.602925 0.597201 0.0404545
2109 0.964207 0.601744 0.596071 0.0403564
2110 0.964216 0.601048 0.595391 0.0402923
2111 0.964247 0.589987 0.584299 0.0404853
2112 0.96425 0.589689 0.584028 0.040423
2113 0.964257 0.589128 0.583499 0.0403568
2114 0.964247 0.591081 0.585426 0.0403761
2115 0.964259 0.590235 0.58465 0.04024
2116 0.964259 0.590235 0.58465 0.0402399
2117 0.964255 0.590646 0.585051 0.0402428
2118 0.964255 0.592128 0.586534 0.0401044
2119 0.964261 0.591713 0.58615 0.0400213
2120 0.96426 0.591785 0.586219 0.0400241
2121 0.964473 0.592623 0.587705 0.0398305
2122 0.964491 0.591413 0.586569 0.0397406
2123 0.964498 0.590866 0.586062 0.039699
2124 0.964473 0.594443 0.589588 0.0399074
2125 0.964475 0.594195 0.589356 0.0398464
2126 0.964475 0.594239 0.589401 0.0398436
2127 0.964487 0.593014 0.588252 0.0396198
2128 0.964482 0.594618 0.589869 0.0394924
2129 0.964481 0.594653 0.589917 0.0394248
2130 0.964477 0.59527 0.590518 0.039476
2131 0.964612 0.614893 0.610673 0.0390751
2132 0.964617 0.614436 0.610269 0.0388153
2133 0.964623 0.614015 0.609905 0.0385892
2134 0.964594 0.618472 0.614311 0.0383585
2135 0.964594 0.618472 0.614311 0.0383585
2136 0.964586 0.619824 0.615628 0.0384503
2137 0.964601 0.61719 0.613087 0.0379602
2138 0.964604 0.616858 0.612773 0.0377652
2139 0.964568 0.618422 0.614259 0.037747
2140 0.964571 0.617447 0.613278 0.037498
2141 0.96458 0.616112 0.611934 0.0373447
2142 0.964697 0.625668 0.621872 0.0376101
2143 0.964687 0.626987 0.623175 0.0376502
2144 0.964699 0.62421 0.620375 0.0372733
2145 0.964672 0.625345 0.621403 0.0370394
2146 0.964677 0.62492 0.620988 0.0369456
2147 0.964686 0.624299 0.620406 0.0365204
2148 0.964686 0.624299 0.620406 0.0365204
2149 0.964683 0.625916 0.621976 0.0366149
2150 0.964738 0.615131 0.611442 0.0357253
2151 0.964738 0.615131 0.611442 0.0357253
2152 0.964728 0.616685 0.612947 0.0358331
2153 0.964739 0.61362 0.609964 0.034614
2154 0.964739 0.61362 0.609964 0.0346139
2155 0.964694 0.618492 0.614626 0.0345996
2156 0.96469 0.61984 0.615935 0.0347051
2157 0.964659 0.620237 0.616424 0.032886
2158 0.964605 0.601851 0.598001 0.0323309
2159 0.964609 0.603455 0.599612 0.0334438
2160 0.96455 0.607455 0.603399 0.0373259
2161 0.964609 0.607032 0.602596 0.042186
2162 0.964578 0.61074 0.606175 0.0421628
2163 0.964578 0.611018 0.606448 0.0421869
2164 0.96459 0.609737 0.605194 0.0423859
2165 0.964589 0.609828 0.605282 0.0423938
2166 0.964533 0.586461 0.581826 0.0420772
2167 0.964533 0.586461 0.581826 0.0420772
2168 0.964531 0.587066 0.582403 0.0421241
2169 0.964529 0.586602 0.581971 0.0420365
2170 0.964507 0.589995 0.585248 0.042007
2171 0.964505 0.590147 0.58541 0.0419148
2172 0.964501 0.590533 0.585794 0.0418072
2173 0.964398 0.570841 0.565785 0.041927
2174 0.964393 0.571467 0.56639 0.0419513
2175 0.964403 0.570188 0.56519 0.0416016
2176 0.96438 0.573461 0.568367 0.0416586
2177 0.964379 0.573609 0.568524 0.0415255
2178 0.964378 0.573749 0.568678 0.0413753
2179 0.964378 0.573749 0.568678 0.0413753
2180 0.964363 0.574505 0.569396 0.0413436
2181 0.964362 0.574576 0.56949 0.0411717
2182 0.964344 0.576383 0.57123 0.0412352
2183 0.964317 0.545501 0.540439 0.0403871
2184 0.964308 0.54639 0.541299 0.0402199
2185 0.964292 0.547176 0.542076 0.0400851
2186 0.964265 0.551718 0.546511 0.0402197
2187 0.964278 0.550621 0.54546 0.040184
2188 0.964282 0.550564 0.545419 0.0400169
2189 0.964285 0.550505 0.545379 0.039795
2190 0.964151 0.529634 0.524268 0.0387174
2191 0.964153 0.529745 0.524409 0.0384422
2192 0.964153 0.529745 0.524409 0.0384421
2193 0.964152 0.529708 0.524366 0.0384539
2194 0.964225 0.524643 0.519587 0.0383528
2195 0.964226 0.52474 0.519687 0.0382331
2196 0.964226 0.524884 0.519846 0.0380677
2197 0.964188 0.529937 0.524712 0.0380751
2198 0.964193 0.52909 0.523887 0.0380442
2199 0.964188 0.529989 0.524774 0.0380211
2200 0.963926 0.478346 0.472721 0.0374268
2201 0.963926 0.478339 0.472716 0.0373792
2202 0.963926 0.478339 0.472716 0.0373792
2203 0.963925 0.478315 0.472687 0.037412
2204 0.963878 0.483565 0.477745 0.0374024
2205 0.963878 0.483511 0.477689 0.0374102
2206 0.963886 0.482695 0.476896 0.0373768
2207 0.96374 0.453028 0.447044 0.0373816
2208 0.963742 0.452782 0.446786 0.0375062
2209 0.963742 0.452782 0.446786 0.0375063
2210 0.963687 0.458008 0.451831 0.0376328
2211 0.963697 0.45698 0.450832 0.0375757
2212 0.963685 0.457995 0.451804 0.0377103
2213 0.963696 0.456992 0.450832 0.0376715
2214 0.963683 0.457952 0.451737 0.0378542
2215 0.963574 0.431466 0.425123 0.0379662
2216 0.963574 0.431466 0.425123 0.0379662
2217 0.963609 0.428958 0.42267 0.0379861
2218 0.963601 0.429349 0.423055 0.0379671
2219 0.963454 0.411639 0.405096 0.0379233
2220 0.963464 0.410894 0.404382 0.0378352
2221 0.963486 0.409762 0.403298 0.0378735
2222 0.963488 0.409672 0.403197 0.0379483
2223 0.963488 0.409672 0.403197 0.0379484
2224 0.963341 0.399347 0.392541 0.0378337
2225 0.963368 0.39796 0.391215 0.0378807
2226 0.963369 0.397894 0.391145 0.0379118
2227 0.96321 0.406524 0.399613 0.0381425
2228 0.963222 0.405674 0.39878 0.0380925
2229 0.963192 0.40787 0.400916 0.0383041
2230 0.963195 0.40768 0.400718 0.0383636
2231 0.96319 0.399681 0.39269 0.0386339
2232 0.963194 0.399496 0.392493 0.0387291
2233 0.963194 0.399496 0.392493 0.0387291
2234 0.962917 0.406794 0.399504 0.0382818
2235 0.962951 0.40456 0.39732 0.0382103
2236 0.962949 0.404691 0.397446 0.0382179
2237 0.963402 0.40368 0.396885 0.0384023
2238 0.963469 0.400218 0.39374 0.0378835
2239 0.963478 0.3999 0.393426 0.0379182
2240 0.963478 0.3999 0.393426 0.0379183
2241 0.963287 0.408827 0.401853 0.0385117
2242 0.963254 0.411304 0.40429 0.0386183
2243 0.963284 0.409225 0.402238 0.0385389
2244 0.963296 0.408294 0.401322 0.0385293
2245 0.963054 0.417483 0.410299 0.0384196
2246 0.963048 0.418475 0.41125 0.0385124
2247 0.963056 0.418052 0.410834 0.0385053
2248 0.962781 0.416863 0.409453 0.0381379
2249 0.962781 0.416863 0.409453 0.038138
2250 0.962816 0.414331 0.406976 0.0379935
2251 0.963519 0.418762 0.412081 0.0385704
2252 0.963495 0.42119 0.414459 0.0387433
2253 0.9635 0.420896 0.414168 0.0387801
2254 0.963105 0.426429 0.419302 0.0382469
2255 0.96311 0.426159 0.419038 0.0382394
2256 0.963131 0.42466 0.41758 0.0381634
2257 0.963172 0.421633 0.414632 0.038086
2258 0.963632 0.42837 0.421897 0.0383351
2259 0.963599 0.431339 0.424801 0.0384737
2260 0.963592 0.432287 0.425727 0.0385868
2261 0.963321 0.426156 0.4193 0.0382634
2262 0.963321 0.426156 0.4193 0.0382635
2263 0.963356 0.423145 0.416379 0.0381144
2264 0.963342 0.424779 0.41797 0.0381884
2265 0.963491 0.425102 0.418462 0.0383401
2266 0.963496 0.42484 0.418208 0.0383038
2267 0.963515 0.423771 0.417168 0.0382751
2268 0.963664 0.415338 0.408905 0.0386545
2269 0.963699 0.412548 0.406166 0.0384747
2270 0.96368 0.414465 0.408033 0.0386136
2271 0.963682 0.414313 0.407886 0.0385864
2272 0.963506 0.417682 0.411137 0.0378802
2273 0.963506 0.417682 0.411137 0.0378802
2274 0.963539 0.414809 0.408335 0.0377282
2275 0.963578 0.411265 0.404954 0.0373096
2276 0.963347 0.403204 0.396549 0.0376141
2277 0.963395 0.399819 0.393337 0.0372079
2278 0.963342 0.403515 0.396919 0.037364
2279 0.963323 0.404939 0.398339 0.0372963
2280 0.962967 0.399137 0.392242 0.0368113
2281 0.962974 0.398404 0.391585 0.0365813
2282 0.962974 0.398404 0.391585 0.0365813
2283 0.963024 0.395251 0.388512 0.0364756
2284 0.962982 0.397714 0.390975 0.036342
2285 0.963242 0.393155 0.38657 0.0368221
2286 0.963249 0.392768 0.386221 0.0367023
2287 0.963258 0.392284 0.385778 0.0365976
2288 0.96327 0.391555 0.385123 0.0363505
2289 0.963234 0.361452 0.355038 0.0363045
2290 0.963277 0.359153 0.352794 0.036042
2291 0.963273 0.360697 0.35444 0.0357364
2292 0.962938 0.366262 0.359757 0.035188
2293 0.962973 0.364313 0.357934 0.0348139
2294 0.962971 0.364332 0.357951 0.0348199
2295 0.96304 0.348324 0.342162 0.0343929
2296 0.963032 0.348333 0.342277 0.0340089
2297 0.963009 0.348626 0.342737 0.0333611
2298 0.963009 0.348626 0.342737 0.0333611
2299 0.962166 0.340119 0.333767 0.0326427
2300 0.962244 0.336733 0.330432 0.0325683
2301 0.962135 0.339088 0.333151 0.0310964
2302 0.962377 0.338199 0.332338 0.0313092
2303 0.962286 0.339406 0.334126 0.0291372
2304 0.962286 0.339406 0.334126 0.0291371
2305 0.962356 0.336386 0.331141 0.0290816
2306 0.961886 0.335396 0.330007 0.0286773
2307 0.961594 0.341841 0.336575 0.0278053
2308 0.96025 0.379707 0.37162 0.0360008
2309 0.9566 0.417038 0.406024 0.0469341
2310 0.956866 0.415934 0.404936 0.0468912
2311 0.960243 0.418989 0.40776 0.0471414
2312 0.960284 0.416947 0.4057 0.0468462
2313 0.952304 0.417483 0.406109 0.0467375
2314 0.910862 0.421722 0.410183 0.0464312
2315 0.895395 0.422146 0.410567 0.0462626
2316 0.960468 0.430261 0.418874 0.0462558
2317 0.960468 0.430261 0.418874 0.0462556
2318 0.960539 0.427277 0.415906 0.0461522
2319 0.961341 0.426509 0.415533 0.0453233
2320 0.961276 0.429167 0.418029 0.0457325
2321 0.961247 0.430586 0.419373 0.0459499
2322 0.961256 0.430234 0.419154 0.0456696
2323 0.960835 0.446409 0.435016 0.0463849
2324 0.960845 0.445645 0.434228 0.0464742
2325 0.960868 0.4445 0.433098 0.0464368
2326 0.960703 0.452235 0.440684 0.0468937
2327 0.961665 0.459549 0.44877 0.0461041
2328 0.961643 0.460522 0.449713 0.0461864
2329 0.961576 0.463101 0.452155 0.0466087
2330 0.961131 0.482338 0.471016 0.0472668
2331 0.961193 0.478424 0.467137 0.0471445
2332 0.961058 0.484263 0.472821 0.0475347
2333 0.961076 0.48294 0.471511 0.0474986
2334 0.961515 0.495529 0.484423 0.0478438
2335 0.961485 0.49683 0.485716 0.0479131
2336 0.961485 0.49683 0.485716 0.047913
2337 0.961508 0.494913 0.483835 0.0478451
2338 0.962193 0.509706 0.49926 0.0475846
2339 0.962157 0.512282 0.501829 0.0476901
2340 0.962151 0.512061 0.501703 0.0474305
2341 0.961856 0.522627 0.512038 0.0471798
